20.000000;11.000000
20.000000;11.000000
20.000000;11.000000
20.000000;11.000000
20.000000;11.000000
20.000000;11.000000
20.000000;11.000000
20.000000;11.000000
20.000000;11.000000
20.000000;11.000000
20.000000;11.000000
20.000000;11.000000
20.000000;11.000000
20.000000;11.000000
20.000000;11.000000
21.833588;20.997242
20.000000;11.000000
20.000000;11.000000
21.697592;18.740023
21.685070;18.281567
21.776766;18.291649
20.000000;11.000000
20.000000;11.000000
20.000000;11.000000
20.000000;11.000000
20.000000;11.000000
21.755138;16.474531
21.773293;16.318146
21.774151;16.123522
21.770775;15.929605
20.213913;11.512119
20.219719;11.506387
20.218176;11.487396
20.218102;11.469847
20.217882;11.455579
20.219227;11.442692
20.225731;11.440535
20.231205;11.443333
20.000000;11.000000
20.238169;11.441905
20.243757;11.442275
20.250801;11.442923
20.236643;11.388619
20.000000;11.000000
20.238379;11.385207
20.000000;11.000000
20.242794;11.382440
20.000000;11.000000
20.248014;11.379075
20.000000;11.000000
20.254896;11.381718
20.000000;11.000000
21.643749;13.274143
20.331591;11.447546
21.683764;13.219625
20.000000;11.000000
21.778801;13.235692
20.296379;11.367346
21.845083;13.274799
21.860723;13.230860
20.000000;11.000000
21.888559;13.170362
21.904339;13.128433
21.884806;13.058444
21.903770;13.031333
21.942801;13.034329
22.008335;13.046041
22.047331;13.038321
22.091427;13.043456
22.133797;13.037010
22.184145;13.037566
22.203939;13.008724
20.000000;11.000000
20.000000;11.000000
22.230984;12.896285
22.236673;12.856863
22.242468;12.810321
22.242113;12.767470
22.240112;12.724479
22.243446;12.693715
22.242268;12.645053
22.240059;12.603795
22.241968;12.566463
22.253378;12.535845
22.255909;12.499853
22.251198;12.459656
22.260235;12.428850
22.240047;12.379981
22.252346;12.352059
22.258257;12.320505
22.258526;12.286026
22.271544;12.258770
22.261229;12.219264
22.260937;12.185738
22.264740;12.154434
22.252781;12.115875
22.260963;12.087716
21.947329;11.904168
21.954866;11.880473
21.961283;11.856136
21.954424;11.826505
21.961952;11.803207
21.959906;11.776164
21.958506;11.749445
21.963245;11.725477
21.965811;11.700828
21.969959;11.676866
21.968185;11.650828
21.972683;11.627234
21.965422;11.600116
21.971292;11.576995
21.971060;11.552389
21.975351;11.529159
21.976465;11.505160
21.982191;11.482198
21.981762;11.458011
21.984011;11.434349
21.987898;11.411292
21.991554;11.388013
21.981131;11.362376
21.988159;11.339875
21.989962;11.316666
21.990534;11.293122
21.990801;11.269800
21.984865;11.245583
21.986565;11.222620
21.988020;11.199460
21.988207;11.176208
22.004097;11.107895
21.998220;11.084344
22.000059;11.061380
21.997637;11.038117
21.997942;11.015133
20.264999;10.999568
22.001984;10.991939
22.008759;10.968799
20.266958;10.995316
22.002262;10.945661
22.005503;10.922475
21.949316;10.897678
20.000000;11.000000
20.000000;11.000000
20.000000;11.000000
20.000000;11.000000
20.000000;11.000000
20.000000;11.000000
20.257545;10.946714
20.245565;10.943420
20.244181;10.941887
20.244013;10.941185
20.243589;10.939456
20.000000;11.000000
20.000000;11.000000
20.256886;10.927210
20.000000;11.000000
20.243885;10.925533
20.000000;11.000000
20.000000;11.000000
20.242668;10.921661
20.244900;10.918836
20.000000;11.000000
20.243820;10.918753
20.000000;11.000000
20.245085;10.913207
20.000000;11.000000
20.252520;10.907291
20.000000;11.000000
20.000000;11.000000
20.000000;11.000000
20.000000;11.000000
20.000000;11.000000
23.544577;9.446655
23.469824;9.431183
23.332090;9.438088
23.245462;9.432904
23.171701;9.423269
23.095331;9.416190
23.007881;9.417011
22.926872;9.416018
22.853397;9.413071
22.781986;9.410608
22.720390;9.404009
22.643599;9.407900
22.573217;9.409661
22.526728;9.397591
22.468725;9.394255
22.406828;9.394812
22.362610;9.384724
22.286276;9.390479
22.249765;9.377152
22.193148;9.379311
22.139915;9.379932
22.080040;9.387283
22.044119;9.377139
21.999706;9.374545
21.939365;9.386188
21.906813;9.375471
21.861616;9.376645
21.831627;9.365323
21.786118;9.368637
21.757004;9.357757
21.711979;9.362535
21.677147;9.358175
21.629808;9.360161
21.603313;9.356528
21.570995;9.344856
21.524647;9.356219
21.499592;9.345456
21.464544;9.346280
21.432833;9.343772
21.393671;9.351073
21.368242;9.342859
21.336372;9.342669
21.309793;9.336831
21.280048;9.335225
21.251806;9.332604
21.215988;9.340898
21.189096;9.337477
21.165314;9.330466
21.139114;9.326980
21.109280;9.329813
21.082220;9.328808
21.046438;9.334451
21.026552;9.331506
20.998970;9.325318
20.974613;9.322583
20.945736;9.327928
20.927240;9.324455
20.903000;9.322617
20.877150;9.324741
20.855843;9.318244
20.825645;9.321027
20.803257;9.317956
20.781590;9.313287
20.756393;9.317177
20.734425;9.314016
20.709146;9.319498
20.686581;9.318791
20.665724;9.314724
20.644152;9.312781
20.621422;9.313868
20.599638;9.313425
20.581654;9.301852
20.558634;9.305720
20.535921;9.308887
20.515556;9.305703
20.494467;9.304636
20.473047;9.305802
20.453619;9.299462
20.433533;9.296294
20.412563;9.296239
20.389410;9.306187
20.370749;9.297911
20.349165;9.302540
20.330374;9.294707
20.309675;9.295909
20.289213;9.297389
20.268974;9.297112
20.249510;9.293140
20.229561;9.291352
20.209400;9.292794
20.190023;9.286505
20.169903;9.288412
20.149426;9.293530
20.130388;9.283946
20.110474;9.282549
20.090437;9.283381
20.070683;9.282454
20.050575;9.287746
20.030657;9.299276
20.010990;9.289035
19.991245;9.277022
19.971308;9.280239
19.949553;9.210711
19.928839;9.212416
19.908022;9.208360
19.887117;9.207551
19.866579;9.209966
19.845480;9.205641
19.824089;9.201583
19.803846;9.207702
19.782278;9.202135
19.760515;9.197843
19.739225;9.196758
19.718342;9.198890
19.695145;9.188473
19.674854;9.195052
19.652979;9.193020
19.630442;9.189329
19.609634;9.193700
19.587990;9.194411
19.566137;9.195423
19.542955;9.190838
19.518669;9.183696
19.499943;9.181500
19.473667;9.183725
19.448870;9.177509
19.426739;9.180156
19.405840;9.186871
19.383705;9.177377
19.361122;9.179870
19.336971;9.178946
19.310770;9.172660
19.289066;9.178847
19.257015;9.171162
19.234089;9.164380
19.211042;9.168721
19.187008;9.171600
19.160192;9.168348
19.133621;9.166377
19.108032;9.167560
19.105377;9.214599
19.087475;9.230430
19.059214;9.226026
19.046524;9.251015
19.012125;9.236894
18.986420;9.238842
18.950962;9.224792
18.926809;9.231096
18.900715;9.234221
18.871862;9.233500
18.841583;9.231649
18.812393;9.231812
18.781355;9.229941
18.746489;9.223772
18.721451;9.231828
18.684952;9.225084
18.660387;9.234755
18.615007;9.217910
18.586954;9.224708
18.554125;9.217734
18.516296;9.213858
18.480907;9.221439
18.440142;9.207733
18.402826;9.207283
18.367483;9.209519
18.326527;9.206485
18.287876;9.207215
18.253386;9.212728
18.210848;9.211191
18.108669;9.152405
20.000000;11.000000
17.884007;9.116265
17.832510;9.106625
17.783133;9.116446
17.736345;9.113026
17.688240;9.117947
19.796993;10.837556
17.621944;9.109419
17.568575;9.112605
19.792162;10.840478
17.504604;9.108927
17.468542;9.127054
20.000000;11.000000
20.000000;11.000000
17.275522;9.127339
20.000000;11.000000
20.000000;11.000000
16.957832;9.158709
16.878099;9.159590
16.768675;9.144843
16.682772;9.146356
16.590038;9.136360
20.000000;11.000000
19.795826;10.898525
19.790876;10.901875
20.000000;11.000000
20.000000;11.000000
19.755125;10.906834
19.768833;10.912987
19.766453;10.913647
19.768595;10.916526
20.000000;11.000000
20.000000;11.000000
19.765661;10.921936
20.000000;11.000000
20.000000;11.000000
19.769390;10.929997
20.000000;11.000000
20.000000;11.000000
19.767109;10.934227
20.000000;11.000000
19.766050;10.938098
20.000000;11.000000
19.763409;10.940327
20.000000;11.000000
19.766016;10.942271
20.000000;11.000000
20.000000;11.000000
20.000000;11.000000
18.684071;10.752512
18.690174;10.769229
18.685612;10.784116
18.691105;10.800582
18.690859;10.816058
18.689806;10.831385
18.686958;10.846353
18.689938;10.865006
18.702400;10.881487
18.698355;10.893438
18.685236;10.907705
18.688253;10.923071
18.686317;10.941143
20.000000;11.000000
18.684828;10.953327
20.000000;11.000000
18.681000;10.998862
18.683075;11.014015
18.680325;11.029231
18.682751;11.044471
18.682350;11.059668
18.681295;11.077845
18.681078;11.090173
18.682440;11.108246
18.679520;11.120858
18.677031;11.136580
20.000000;11.000000
18.677696;11.151905
18.722155;11.176672
18.652081;11.202190
18.670290;11.215129
18.673861;11.230369
18.672667;11.246341
18.674606;11.261788
18.673792;11.277840
18.669264;11.294808
18.672773;11.310226
18.667692;11.327624
18.668644;11.343679
18.669790;11.359756
18.666319;11.377213
18.688009;11.387435
18.617113;11.422537
18.644938;11.434434
18.664255;11.445251
18.658171;11.464643
18.660711;11.477901
18.662752;11.498091
18.657219;11.514569
18.660685;11.534412
18.660265;11.549376
18.656883;11.572396
18.654076;11.588596
18.658686;11.608775
18.654491;11.625991
18.653728;11.645448
18.651443;11.665892
18.651236;11.685569
18.642443;11.709974
18.646368;11.728044
18.649582;11.746470
18.647898;11.768013
18.658625;11.782639
18.648064;11.809967
18.643070;11.834501
18.645231;11.854989
18.645168;11.877170
18.642105;11.901678
18.646044;11.921871
18.642797;11.947116
18.641260;11.967496
18.636322;11.994850
18.639946;12.016590
18.638716;12.067616
18.636379;12.095234
18.629095;12.127495
19.628437;11.307026
18.639097;12.145768
20.000000;11.000000
18.627687;12.210643
18.631433;12.235864
18.630318;12.265779
18.629839;12.296014
18.627548;12.322578
18.626095;12.386610
18.624187;12.421135
18.623447;12.455029
19.686892;11.336991
18.617197;12.495735
18.615204;12.533197
20.000000;11.000000
18.592230;12.632947
18.609367;12.690521
19.701157;11.384527
19.730967;11.368180
20.000000;11.000000
19.738934;11.367757
19.737896;11.373146
19.742510;11.377555
19.747158;11.381883
19.724054;11.430087
19.730196;11.429249
19.739567;11.431499
19.745159;11.431343
19.750683;11.431098
19.756191;11.433089
19.757366;11.445171
19.756386;11.457139
19.754641;11.470914
20.000000;11.000000
19.753178;11.484783
20.000000;11.000000
19.752846;11.496930
20.000000;11.000000
19.752802;11.514718
20.000000;11.000000
20.000000;11.000000
20.000000;11.000000
20.000000;11.000000
20.000000;11.000000
20.000000;11.000000
18.473135;14.920144
18.454983;15.107002
18.513939;15.092546
18.505020;15.270908
18.488228;15.485067
18.479462;15.688603
18.469412;15.913107
18.455212;16.169106
18.440453;16.446102
18.429920;16.684141
18.427099;16.963043
20.000000;11.000000
20.000000;11.000000
20.000000;11.000000
20.000000;11.000000
20.000000;11.000000
18.115948;20.871820
20.000000;11.000000
20.000000;11.000000
20.000000;11.000000
20.000000;11.000000
20.000000;11.000000
20.000000;11.000000
18.923553;21.049513
19.048277;20.976707
19.159193;21.033833
19.276052;21.023891
19.390816;21.041538
19.509127;20.991949
19.622385;21.042904
19.738913;21.046608
19.854511;21.048946
20.000000;11.000000
