20.000000;11.000000
20.000000;11.000000
20.000000;11.000000
20.000000;11.000000
20.000000;11.000000
20.000000;11.000000
20.000000;11.000000
20.000000;11.000000
20.000000;11.000000
20.000000;11.000000
20.000000;11.000000
20.000000;11.000000
20.000000;11.000000
20.000000;11.000000
20.000000;11.000000
20.000000;11.000000
20.000000;11.000000
20.000000;11.000000
21.674582;18.745035
21.657635;18.261194
21.746668;18.261894
20.000000;11.000000
20.000000;11.000000
20.000000;11.000000
20.000000;11.000000
20.000000;11.000000
21.755421;16.530073
21.775036;16.376570
21.772541;16.168501
21.763632;15.954461
20.000000;11.000000
20.218657;11.507936
20.218664;11.489368
20.218626;11.471807
20.219015;11.456145
20.218929;11.442839
20.223007;11.443039
20.231379;11.442114
20.236465;11.441684
20.244436;11.441901
20.249561;11.441325
20.227167;11.387294
20.235771;11.391485
20.000000;11.000000
20.237169;11.380072
20.000000;11.000000
20.242880;11.381200
20.000000;11.000000
20.248632;11.378671
20.000000;11.000000
20.254370;11.379664
20.000000;11.000000
20.312035;11.419719
21.670784;13.214397
21.707979;13.209900
20.325680;11.415592
21.777561;13.255805
21.772642;13.186771
20.296560;11.364626
21.852177;13.231465
20.000000;11.000000
21.899509;13.183369
21.896719;13.139237
21.888821;13.072383
21.905912;13.043020
21.946058;13.038132
22.002420;13.049033
22.042320;13.041928
22.085184;13.036966
22.131660;13.043583
22.177120;13.039226
22.203579;13.016533
20.000000;11.000000
22.221901;12.940530
22.233816;12.897585
22.236181;12.863709
22.232834;12.817442
22.248287;12.787063
22.241880;12.732010
22.246653;12.694446
22.242645;12.651292
22.243784;12.612328
22.249237;12.577004
22.248396;12.537822
22.255268;12.504421
22.242392;12.458529
22.267467;12.437990
22.240612;12.384778
22.253956;12.357145
22.256609;12.323318
22.255308;12.287632
22.271721;12.262571
22.261583;12.222816
22.259686;12.188122
22.261740;12.155912
22.253500;12.118924
22.258118;12.089015
21.945641;11.905426
21.957836;11.883617
21.962458;11.858441
21.961155;11.831125
21.961412;11.804523
21.958530;11.776923
21.959940;11.751287
21.962896;11.726418
21.966415;11.702106
21.970646;11.677947
21.974581;11.653783
21.973455;11.628103
21.966263;11.600785
21.970167;11.577281
21.970953;11.552767
21.975302;11.529348
21.981310;11.506398
21.981220;11.481961
21.981762;11.458011
21.984947;11.434753
21.987858;11.411483
21.982645;11.386672
21.985031;11.363286
21.988092;11.340257
21.988913;11.316890
21.988470;11.293404
21.993696;11.270777
21.983778;11.246221
21.986502;11.223191
21.989933;11.200422
21.989119;11.177250
22.005033;11.109102
21.997173;11.085450
22.001022;11.062562
22.001610;11.039536
21.997932;11.016474
22.001989;10.993474
20.265978;10.996634
22.010778;10.970117
20.263916;10.993344
22.003304;10.947170
22.011557;10.923785
20.000000;11.000000
21.964603;10.902919
20.000000;11.000000
20.000000;11.000000
20.000000;11.000000
20.260883;10.948081
20.247663;10.948313
20.243116;10.937589
20.245018;10.936951
20.242924;10.936844
20.000000;11.000000
20.241211;10.934293
20.000000;11.000000
20.247393;10.930387
20.000000;11.000000
20.255693;10.926673
20.000000;11.000000
20.243919;10.925650
20.243481;10.924225
20.000000;11.000000
20.000000;11.000000
20.242613;10.918301
20.000000;11.000000
20.243732;10.915392
20.000000;11.000000
20.252874;10.911240
20.245193;10.913512
20.000000;11.000000
20.000000;11.000000
20.000000;11.000000
20.000000;11.000000
20.000000;11.000000
23.564293;9.434347
23.458450;9.432731
23.355930;9.432405
23.262882;9.429890
23.175455;9.426335
23.104582;9.416712
23.024172;9.413617
22.938829;9.415007
22.864424;9.412328
22.792091;9.410157
22.730453;9.403379
22.672464;9.395748
22.587421;9.406020
22.536791;9.396661
22.478739;9.393147
22.405903;9.393427
22.366632;9.379976
22.296265;9.389038
22.246723;9.384908
22.196590;9.382294
22.146700;9.380617
22.085196;9.389041
22.050055;9.378187
22.014942;9.367928
21.955233;9.378685
21.913736;9.375896
21.870766;9.374971
21.836252;9.367509
21.797379;9.364662
21.763809;9.357721
21.719460;9.361682
21.684029;9.358065
21.634518;9.362030
21.607187;9.351925
21.574482;9.348173
21.528111;9.359439
21.501059;9.350842
21.474010;9.342649
21.437792;9.345426
21.405718;9.344240
21.373808;9.343572
21.346317;9.337849
21.313457;9.339723
21.285551;9.335678
21.254877;9.336167
21.220671;9.341855
21.196262;9.335230
21.171701;9.328835
21.143364;9.328671
21.114624;9.329767
21.085356;9.332037
21.059668;9.329793
21.031807;9.331222
21.002146;9.328383
20.983866;9.323354
20.961039;9.318223
20.926756;9.325330
20.903948;9.320855
20.879932;9.319426
20.857203;9.315570
20.836603;9.317521
20.810072;9.322337
20.785307;9.315015
20.759689;9.319759
20.738943;9.313807
20.713242;9.320146
20.693327;9.312909
20.670177;9.314337
20.649143;9.310410
20.626532;9.311492
20.605553;9.308104
20.584743;9.305030
20.562054;9.307905
20.541941;9.303456
20.519585;9.305888
20.499777;9.300982
20.478571;9.301120
20.458475;9.297657
20.438112;9.295402
20.417284;9.295330
20.394989;9.301318
20.376928;9.290051
20.354782;9.297575
20.334595;9.296550
20.314249;9.296747
20.294292;9.295215
20.273544;9.297840
20.254238;9.292828
20.234854;9.288033
20.214396;9.291399
20.194950;9.287058
20.174763;9.287896
20.154512;9.291975
20.135403;9.283332
20.115376;9.285878
20.095314;9.290655
20.075996;9.281680
20.055895;9.285911
20.036213;9.283381
20.016356;9.294079
19.996696;9.277003
19.976913;9.280155
19.955534;9.216555
19.934702;9.213193
19.914103;9.213063
19.893490;9.213172
19.872728;9.211523
19.851171;9.201146
19.830393;9.201982
19.809824;9.205047
19.788485;9.201394
19.767679;9.202955
19.746740;9.203766
19.724129;9.193948
19.701908;9.188360
19.680218;9.186986
19.660120;9.194715
19.638000;9.191882
19.616392;9.192253
19.594744;9.192883
19.574211;9.198638
19.554131;9.189081
19.532576;9.191426
19.503872;9.183535
19.482183;9.186478
19.464207;9.187536
19.438974;9.179485
19.412529;9.182590
19.391541;9.175799
19.368631;9.177251
19.347027;9.182754
19.321976;9.179140
19.295675;9.173065
19.266972;9.173613
19.247351;9.174036
19.219734;9.167174
19.196287;9.170779
19.171579;9.171949
19.142986;9.165293
19.115864;9.162658
19.105885;9.195353
19.093544;9.231807
19.076527;9.248545
19.056007;9.249286
19.023327;9.237520
18.997673;9.239314
18.963350;9.226789
18.938389;9.231116
18.911816;9.233230
18.887821;9.239947
18.857857;9.237755
18.824375;9.231023
18.797344;9.234748
18.765665;9.232303
18.732027;9.227915
18.698126;9.224071
18.670574;9.229569
18.640541;9.232298
18.600494;9.222916
18.569473;9.225900
18.527512;9.216254
18.499399;9.216251
18.466579;9.219235
18.425697;9.213738
18.388506;9.213404
18.340929;9.202670
18.305941;9.206610
18.272909;9.213276
18.231903;9.212815
18.182291;9.204462
20.000000;11.000000
17.920704;9.127746
17.864986;9.113596
17.805199;9.113712
17.758522;9.109921
17.709730;9.113800
17.664026;9.120843
19.795231;10.838165
17.590483;9.107298
17.535542;9.109581
19.789707;10.842058
17.484962;9.116719
17.378696;9.083814
20.000000;11.000000
17.239922;9.078611
17.222782;9.114130
20.000000;11.000000
16.994581;9.156056
16.912447;9.154619
16.830927;9.155044
16.735788;9.150020
16.634165;9.143258
16.527098;9.126536
19.800709;10.902187
19.792366;10.901065
19.763374;10.902306
19.767626;10.907794
19.768251;10.911700
19.767454;10.916743
19.768341;10.917236
20.000000;11.000000
20.000000;11.000000
19.764080;10.923540
20.000000;11.000000
19.763628;10.928323
20.000000;11.000000
19.761154;10.929618
19.766712;10.931984
20.000000;11.000000
20.000000;11.000000
19.765301;10.937032
20.000000;11.000000
19.766512;10.940299
19.765371;10.940726
19.761417;10.940043
20.000000;11.000000
20.000000;11.000000
19.752327;10.943660
20.000000;11.000000
20.000000;11.000000
18.689716;10.760461
18.685053;10.775340
18.689013;10.794473
18.691097;10.807382
18.688951;10.822578
18.690950;10.838289
18.689177;10.853360
18.702490;10.870070
18.703808;10.888253
18.686863;10.899212
18.683794;10.914196
18.685883;10.929631
18.684160;10.944712
18.684616;10.959758
20.000000;11.000000
18.684010;11.005047
18.681154;11.020232
18.681475;11.035404
18.682964;11.050406
18.682632;11.065604
18.681471;11.080751
18.680492;11.096061
18.680689;11.111319
18.679340;11.129562
19.796993;11.020112
18.676624;11.142266
20.000000;11.000000
18.671398;11.158310
18.656565;11.191388
18.662807;11.206222
18.673140;11.220155
18.671822;11.236105
18.672661;11.251742
18.673660;11.267264
18.672911;11.283340
18.670376;11.299783
18.667103;11.316677
18.667923;11.332718
18.670839;11.348147
18.671074;11.364473
18.671511;11.380840
18.698936;11.389095
18.619484;11.430220
18.655909;11.432622
18.662870;11.447422
18.662569;11.468152
18.661463;11.485896
18.663397;11.502671
18.659786;11.518455
18.658463;11.536940
18.658260;11.555014
18.658646;11.576514
18.654057;11.593531
18.657333;11.610632
18.659981;11.628288
18.651089;11.651492
18.653364;11.669767
18.654037;11.688861
18.644423;11.713746
18.648327;11.731674
18.648968;11.751552
18.662119;11.764692
18.659794;11.786614
18.651022;11.812947
18.645155;11.837881
18.646523;11.858899
18.644760;11.882051
18.642607;11.906040
18.638693;11.927068
18.638060;11.950810
18.644728;11.974062
18.639917;12.001448
18.636593;12.023789
18.641756;12.069866
18.637808;12.098605
18.629826;12.131526
19.625925;11.311828
20.000000;11.000000
18.652863;12.138822
18.631624;12.212077
18.631701;12.240632
18.630060;12.271387
18.632450;12.298770
18.628248;12.333366
18.621998;12.396623
18.624275;12.426782
18.618290;12.466664
19.688250;11.336886
18.618467;12.500988
20.000000;11.000000
18.619778;12.534628
18.597630;12.633636
20.000000;11.000000
19.702961;11.382130
20.000000;11.000000
19.731556;11.367373
20.000000;11.000000
19.736767;11.367440
19.739544;11.374298
19.741383;11.379207
19.724594;11.429246
19.732090;11.430434
19.738657;11.430948
19.748074;11.430737
19.752174;11.430803
19.755192;11.437116
19.756453;11.446951
20.000000;11.000000
19.757471;11.459978
19.754225;11.471825
20.000000;11.000000
20.000000;11.000000
19.754419;11.487654
19.753716;11.500707
20.000000;11.000000
20.000000;11.000000
20.000000;11.000000
20.000000;11.000000
20.000000;11.000000
20.000000;11.000000
18.435617;14.903170
18.481348;14.919044
18.409092;15.249995
18.512796;15.116595
18.495783;15.318525
18.489067;15.505395
18.478981;15.714724
18.462564;15.960196
18.446472;16.223892
18.429651;16.467972
18.399132;16.826061
18.421080;17.016262
20.000000;11.000000
20.000000;11.000000
20.000000;11.000000
20.000000;11.000000
20.000000;11.000000
18.117598;20.919979
20.000000;11.000000
20.000000;11.000000
20.000000;11.000000
20.000000;11.000000
20.000000;11.000000
20.000000;11.000000
18.890963;21.026854
19.004519;21.057856
19.118828;21.096621
19.236477;21.087145
19.357376;21.020414
19.471197;21.074131
19.589056;21.032587
19.704645;21.064667
19.821114;21.030405
19.936287;21.068798
