20.087336;22.386665
20.000000;11.000000
20.360262;22.702456
20.000000;11.000000
20.000000;11.000000
20.000000;11.000000
20.000000;11.000000
20.000000;11.000000
20.000000;11.000000
20.000000;11.000000
20.000000;11.000000
20.000000;11.000000
20.000000;11.000000
20.000000;11.000000
20.000000;11.000000
20.000000;11.000000
20.000000;11.000000
20.000000;11.000000
21.701576;18.776003
21.688553;18.312578
21.779650;18.318735
20.000000;11.000000
20.000000;11.000000
20.000000;11.000000
20.000000;11.000000
20.000000;11.000000
21.735125;16.458876
21.781364;16.349186
21.767447;16.108912
21.773748;15.942349
20.212685;11.512630
20.220690;11.505964
20.218082;11.487438
20.217392;11.471276
20.217838;11.455600
20.220160;11.442228
20.225689;11.440556
20.000000;11.000000
20.232140;11.442844
20.236259;11.442928
20.000000;11.000000
20.245663;11.441219
20.251776;11.442369
20.235001;11.389615
20.000000;11.000000
20.000000;11.000000
20.243673;11.381880
20.000000;11.000000
20.248087;11.379027
20.000000;11.000000
20.256599;11.384188
20.000000;11.000000
20.000000;11.000000
20.000000;11.000000
21.681803;13.214836
20.000000;11.000000
21.784039;13.239190
20.297329;11.366577
21.866783;13.298399
21.859432;13.235840
20.000000;11.000000
21.893892;13.163054
21.904840;13.125299
21.881369;13.050741
21.909824;13.033881
21.951305;13.030335
22.001781;13.044063
22.045889;13.041186
22.100424;13.038516
22.140678;13.038487
22.190538;13.038039
22.205894;13.005092
20.000000;11.000000
22.225845;12.922262
22.231602;12.890921
22.239519;12.853430
22.245415;12.806664
22.246592;12.773096
22.245464;12.722436
22.242083;12.678889
22.244453;12.640376
22.244606;12.600874
22.240862;12.559306
22.249699;12.527028
22.252943;12.491660
22.258194;12.458048
22.257893;12.421317
22.246952;12.378297
22.252359;12.346199
22.261648;12.316676
22.261858;12.282186
22.261694;12.247649
22.261801;12.213981
22.258774;12.179087
22.252571;12.143067
22.257607;12.112880
22.086649;11.993284
21.941797;11.897078
21.955639;11.876314
21.961086;11.851577
21.956926;11.823143
21.961637;11.798690
21.968834;11.775336
21.959003;11.745333
21.966511;11.722401
21.965265;11.696389
21.969362;11.672441
21.969429;11.647053
21.963392;11.620136
21.969440;11.597217
21.970419;11.572845
21.972115;11.548609
21.977329;11.525627
21.976461;11.501123
21.981169;11.477927
21.982637;11.454210
21.985819;11.430756
21.990643;11.407881
21.986403;11.383058
21.973000;11.356785
21.977961;11.334229
21.989607;11.312503
21.985182;11.288252
21.991341;11.265791
21.987341;11.241827
21.995955;11.219604
21.995382;11.196141
21.991547;11.172463
20.000000;11.000000
21.998320;11.103549
21.999386;11.080360
21.997185;11.057076
21.999708;11.034129
22.001970;11.010941
20.264996;10.998450
22.002962;10.987710
22.003689;10.964650
22.004143;10.941380
21.999340;10.918489
20.000000;11.000000
20.000000;11.000000
20.000000;11.000000
20.000000;11.000000
20.000000;11.000000
20.000000;11.000000
20.000000;11.000000
20.257019;10.949158
20.245565;10.943420
20.243334;10.942656
20.244268;10.942262
20.000000;11.000000
20.000000;11.000000
20.242773;10.936261
20.000000;11.000000
20.000000;11.000000
20.000000;11.000000
20.257042;10.924149
20.244524;10.927664
20.000000;11.000000
20.000000;11.000000
20.242329;10.920615
20.000000;11.000000
20.243475;10.917725
20.000000;11.000000
20.243446;10.914575
20.000000;11.000000
20.000000;11.000000
20.000000;11.000000
20.000000;11.000000
20.000000;11.000000
20.000000;11.000000
23.541441;9.439522
23.444960;9.434463
23.315521;9.438095
23.237953;9.428866
23.151524;9.425379
23.078058;9.417574
23.001305;9.413116
22.911682;9.417375
22.842493;9.411991
22.774597;9.407765
22.713018;9.401334
22.628561;9.410079
22.564215;9.408422
22.516212;9.397825
22.453043;9.390362
22.402237;9.391542
22.347855;9.380900
22.282524;9.386894
22.246805;9.373057
22.179750;9.383063
22.125969;9.384712
22.078833;9.382468
22.036467;9.377157
21.994417;9.372801
21.944098;9.376246
21.904766;9.371533
21.858061;9.374093
21.828802;9.362164
21.783300;9.365558
21.752708;9.356095
21.702648;9.358594
21.668703;9.353863
21.632763;9.351824
21.599779;9.354481
21.565546;9.345203
21.525360;9.350065
21.496733;9.342871
21.459703;9.346004
21.426865;9.345225
21.390982;9.348804
21.365540;9.340631
21.331163;9.343610
21.303375;9.339418
21.275509;9.335523
21.242496;9.339375
21.214302;9.337186
21.185646;9.336242
21.161860;9.329279
21.131172;9.332464
21.104187;9.331237
21.078793;9.327784
21.047277;9.326714
21.022625;9.331442
21.000286;9.324939
20.975760;9.322092
20.942358;9.327169
20.920004;9.321611
20.900576;9.320179
20.873171;9.324920
20.847874;9.317572
20.820387;9.324017
20.802879;9.319991
20.778515;9.311867
20.752510;9.317627
20.731749;9.311764
20.706085;9.318209
20.685774;9.311984
20.662857;9.312519
20.639851;9.314354
20.618877;9.310802
20.596403;9.312279
20.576139;9.307367
20.555384;9.304652
20.532377;9.308816
20.512306;9.304717
20.491100;9.304699
20.469530;9.305861
20.450008;9.300572
20.429285;9.299344
20.406189;9.309103
20.387657;9.299630
20.366381;9.303102
20.346272;9.300926
20.326513;9.298038
20.306381;9.297346
20.285780;9.298838
20.266190;9.295662
20.246687;9.290709
20.226349;9.292941
20.206650;9.289437
20.186850;9.288167
20.166979;9.286115
20.146822;9.289289
20.127354;9.284721
20.107134;9.288349
20.087334;9.289227
20.067482;9.288330
20.047924;9.282668
20.027803;9.294227
20.008202;9.289020
19.988312;9.283040
19.968597;9.285288
19.946487;9.205798
19.926008;9.214533
19.905260;9.211508
19.884562;9.210720
19.863661;9.210185
19.842381;9.203903
19.821529;9.203845
19.800325;9.201048
19.779593;9.204477
19.758816;9.206141
19.736460;9.197161
19.716187;9.204290
19.692867;9.191900
19.671371;9.191617
19.650019;9.192573
19.628067;9.191856
19.606865;9.194301
19.584772;9.193096
19.563307;9.195077
19.540428;9.192511
19.519808;9.182360
19.497862;9.184150
19.474886;9.183372
19.449980;9.176129
19.424122;9.180982
19.406746;9.185522
19.376745;9.178688
19.357840;9.178904
19.334528;9.179838
19.307789;9.172718
19.281702;9.179588
19.258041;9.169666
19.231239;9.164488
19.207617;9.168022
19.183739;9.170867
19.156481;9.166752
19.131590;9.168446
19.104258;9.166063
19.105227;9.220268
19.084352;9.229792
19.063879;9.240533
19.043219;9.250542
19.010418;9.238998
18.983725;9.239241
18.948580;9.226201
18.924604;9.232435
18.897457;9.233896
18.867504;9.231539
18.837183;9.229751
18.810190;9.233293
18.778015;9.229815
18.744448;9.225215
18.718660;9.232613
18.683506;9.227401
18.657146;9.234705
18.614017;9.221215
18.583666;9.224771
18.553846;9.229566
18.514881;9.216334
18.478210;9.222429
18.437424;9.208776
18.400936;9.208968
18.356655;9.201802
18.323099;9.206950
18.285295;9.208300
18.252203;9.215285
18.206131;9.210254
18.089716;9.137465
20.000000;11.000000
17.878643;9.114770
17.830877;9.108496
17.780745;9.117712
17.729336;9.110502
17.678261;9.112782
17.614229;9.106270
17.569681;9.116075
19.792009;10.840677
19.793339;10.842230
17.499529;9.107345
17.466482;9.128160
20.000000;11.000000
20.000000;11.000000
17.274626;9.128645
20.000000;11.000000
20.000000;11.000000
20.000000;11.000000
16.963293;9.163207
16.877569;9.160488
16.786356;9.156223
16.682240;9.147309
16.579430;9.141196
20.000000;11.000000
19.797810;10.894629
19.755840;10.902250
19.768177;10.909118
19.768967;10.915506
19.767712;10.916031
20.000000;11.000000
19.766878;10.918373
20.000000;11.000000
19.771135;10.924491
20.000000;11.000000
19.764103;10.923472
19.754017;10.922176
20.000000;11.000000
20.000000;11.000000
19.767986;10.931195
20.000000;11.000000
19.768167;10.934165
20.000000;11.000000
20.000000;11.000000
19.762829;10.938558
20.000000;11.000000
20.000000;11.000000
19.764147;10.945801
20.000000;11.000000
20.000000;11.000000
18.684046;10.752638
18.687176;10.768961
18.688530;10.784853
18.691067;10.800834
18.690825;10.816309
18.688414;10.834400
18.686581;10.849627
18.688915;10.865156
18.702631;10.878999
18.698334;10.893688
18.685217;10.907957
18.688066;10.926341
18.686434;10.938624
20.000000;11.000000
18.684814;10.953705
20.000000;11.000000
18.682001;11.001895
18.683077;11.014141
18.680326;11.029358
18.681747;11.044378
18.682344;11.059542
18.680122;11.074866
18.680063;11.089988
18.682184;11.105087
18.682484;11.120333
18.679976;11.135892
20.000000;11.000000
18.677639;11.151398
18.719116;11.176592
18.649036;11.202118
18.672161;11.214173
18.673729;11.229606
18.672523;11.245577
18.672493;11.261413
18.673605;11.276949
18.668091;11.294131
18.672537;11.309208
18.668381;11.326236
18.668348;11.342531
18.670446;11.358349
18.669844;11.374978
18.686680;11.386458
18.620495;11.419913
18.643526;11.433309
18.663786;11.443842
18.657608;11.459943
18.661104;11.476026
18.661087;11.493601
18.656628;11.513024
18.661051;11.532630
18.660793;11.550661
18.656225;11.570851
18.654316;11.586648
18.654827;11.605091
18.654247;11.627831
18.652987;11.643898
18.647026;11.665977
18.652166;11.682983
18.647766;11.705046
18.644579;11.726829
18.647848;11.745399
18.651293;11.763863
18.657650;11.780966
18.651348;11.805717
18.643736;11.831763
18.644167;11.853300
18.643991;11.875350
18.643398;11.898198
18.646463;11.918930
18.641619;11.945424
18.640778;11.965092
18.639603;11.994257
18.640987;12.012971
18.636496;12.066404
18.636471;12.092153
18.633768;12.120580
19.629381;11.308165
18.636028;12.145226
20.000000;11.000000
18.618439;12.215273
18.632629;12.231217
18.631441;12.261098
18.635128;12.287050
18.630722;12.321547
20.000000;11.000000
20.000000;11.000000
18.623402;12.417587
18.623970;12.450014
18.616943;12.491413
18.614050;12.529456
18.667679;12.504998
18.589569;12.630651
18.605179;12.689661
19.698685;11.386405
19.727777;11.369561
20.000000;11.000000
19.735325;11.366403
19.740044;11.372209
19.742989;11.375460
19.746214;11.380054
19.724220;11.430193
19.729828;11.430199
19.736403;11.430745
19.744373;11.430879
19.750849;11.431193
19.757761;11.432823
19.756058;11.443315
19.757458;11.455444
19.758575;11.466196
20.000000;11.000000
19.755131;11.481289
20.000000;11.000000
19.752542;11.497896
20.000000;11.000000
19.754200;11.512060
20.000000;11.000000
20.000000;11.000000
20.000000;11.000000
20.000000;11.000000
20.000000;11.000000
20.000000;11.000000
18.464504;14.917847
18.546513;14.837994
18.518700;15.052773
18.493610;15.273260
18.490236;15.446688
18.479065;15.654822
18.473259;15.862969
18.457170;16.119579
18.439266;16.405182
18.433222;16.621752
18.425989;16.912056
20.000000;11.000000
20.000000;11.000000
20.000000;11.000000
20.000000;11.000000
20.000000;11.000000
20.000000;11.000000
20.000000;11.000000
20.000000;11.000000
20.000000;11.000000
20.000000;11.000000
20.000000;11.000000
20.000000;11.000000
18.923052;20.963968
19.029594;21.060307
19.148611;21.032940
19.267099;21.014217
19.380634;21.049932
19.500498;20.972498
19.615488;20.996607
19.729280;21.046352
19.844830;21.114809
20.000000;11.000000
