20.000000;11.000000
20.000000;11.000000
20.378443;22.778923
20.000000;11.000000
20.000000;11.000000
20.000000;11.000000
20.000000;11.000000
20.000000;11.000000
20.000000;11.000000
20.000000;11.000000
20.000000;11.000000
20.000000;11.000000
20.000000;11.000000
20.000000;11.000000
20.000000;11.000000
20.000000;11.000000
20.000000;11.000000
20.000000;11.000000
20.000000;11.000000
21.695278;18.284330
21.781092;18.270002
20.000000;11.000000
20.000000;11.000000
20.000000;11.000000
20.000000;11.000000
20.000000;11.000000
21.758013;16.454700
21.772680;16.290936
21.782009;16.120794
21.781729;15.936289
20.215826;11.511316
20.218946;11.502361
20.219631;11.485645
20.218489;11.468563
20.217802;11.453400
20.219990;11.442312
20.225044;11.442008
20.000000;11.000000
20.232988;11.442398
20.239988;11.440920
20.000000;11.000000
20.244604;11.441807
20.253120;11.442753
20.236086;11.387789
20.000000;11.000000
20.000000;11.000000
20.245543;11.379491
20.000000;11.000000
20.250198;11.378836
20.000000;11.000000
20.258488;11.385332
20.000000;11.000000
21.647802;13.268737
21.684624;13.210178
20.000000;11.000000
20.313749;11.405869
21.787733;13.246476
20.296595;11.365886
21.870298;13.285213
21.864780;13.235289
20.000000;11.000000
21.897001;13.160327
21.908360;13.123485
21.886827;13.051158
21.913923;13.032772
21.967712;13.042304
22.013739;13.042126
22.057449;13.048002
22.099894;13.033316
20.000000;11.000000
21.832771;12.694392
20.000000;11.000000
20.000000;11.000000
22.222507;12.924593
22.232286;12.888563
22.235575;12.839356
22.234081;12.803197
22.234993;12.753879
22.243280;12.718711
22.240644;12.675802
22.240393;12.635761
22.244558;12.599217
22.245716;12.561086
22.247120;12.523705
22.256447;12.491802
22.249226;12.449815
22.241337;12.408196
22.247419;12.375620
22.252060;12.342799
22.255379;12.309554
22.261835;12.278165
22.266872;12.246540
22.256489;12.206953
22.258030;12.174020
22.265249;12.144589
22.260422;12.109423
21.940248;11.919263
21.943598;11.893166
21.958397;11.872594
21.962879;11.847439
21.960661;11.819409
21.964472;11.794360
21.958654;11.765693
21.959055;11.739552
21.963745;11.715407
21.967194;11.690923
21.970404;11.666265
21.970392;11.640887
21.963377;11.613513
21.971376;11.590794
21.972330;11.566230
21.974909;11.542253
21.975313;11.517595
21.978273;11.493919
21.984798;11.471358
21.985254;11.447204
21.989290;11.424126
21.992077;11.400817
21.984802;11.375451
21.984066;11.351719
21.985052;11.328190
21.987709;11.305179
21.986137;11.281590
21.985304;11.258015
21.988142;11.235157
21.990715;11.212269
21.988066;11.188689
21.994091;11.166137
22.003386;11.120381
21.995649;11.096889
22.000629;11.074072
22.000355;11.050833
21.998806;11.027788
22.010994;11.004627
20.264994;10.998145
22.009914;10.981501
22.004570;10.958482
22.010950;10.935004
20.000000;11.000000
21.983095;10.913056
20.000000;11.000000
20.000000;11.000000
20.000000;11.000000
20.000000;11.000000
20.250193;10.945780
20.243910;10.945154
20.244555;10.943480
20.244102;10.941560
20.000000;11.000000
20.000000;11.000000
20.239653;10.936195
20.000000;11.000000
20.243128;10.933721
20.000000;11.000000
20.246803;10.928326
20.246595;10.927616
20.000000;11.000000
20.000000;11.000000
20.244413;10.923858
20.000000;11.000000
20.243095;10.919744
20.000000;11.000000
20.244658;10.918108
20.243229;10.917002
20.000000;11.000000
20.000000;11.000000
20.000000;11.000000
20.000000;11.000000
20.000000;11.000000
20.000000;11.000000
20.000000;11.000000
23.528112;9.431642
23.415466;9.425290
23.289637;9.437165
23.207514;9.430318
23.138336;9.419163
23.062965;9.412316
22.973019;9.415284
22.883553;9.420106
22.828434;9.407369
22.757120;9.405473
22.685282;9.405514
22.610403;9.409074
22.555315;9.401702
22.494677;9.399410
22.444971;9.383559
22.391542;9.386387
22.326494;9.383424
22.267012;9.385768
22.214361;9.384546
22.165991;9.381328
22.113718;9.381841
22.065844;9.380458
22.030697;9.369944
21.986315;9.367641
21.939699;9.367887
21.891243;9.371131
21.849874;9.369318
21.807232;9.369579
21.774973;9.360936
21.733467;9.361916
21.695097;9.360850
21.658989;9.351159
21.619419;9.352705
21.588060;9.354267
21.548237;9.350877
21.512260;9.351596
21.483027;9.345334
21.444126;9.350951
21.416609;9.344324
21.382557;9.345651
21.357109;9.337601
21.323397;9.339954
21.292538;9.339831
21.265326;9.335299
21.235363;9.335306
21.204824;9.336475
21.177525;9.334157
21.150742;9.331311
21.128515;9.322223
21.095974;9.329418
21.068977;9.328610
21.037001;9.328558
21.015020;9.329144
20.985929;9.325727
20.968657;9.319137
20.938002;9.328162
20.911968;9.320644
20.886982;9.320874
20.863333;9.318705
20.840809;9.315146
20.813356;9.321704
20.793142;9.314268
20.771873;9.308819
20.745890;9.314682
20.724319;9.310739
20.700235;9.313600
20.677643;9.313013
20.654570;9.314651
20.632166;9.314661
20.612734;9.307500
20.591082;9.306170
20.568371;9.308962
20.546417;9.310146
20.524700;9.310607
20.505802;9.302765
20.485144;9.300905
20.464247;9.300260
20.443148;9.300837
20.422846;9.298762
20.400324;9.305650
20.382116;9.295301
20.360197;9.301779
20.339851;9.301670
20.320105;9.298855
20.299818;9.299224
20.279905;9.296847
20.260445;9.292751
20.240507;9.291848
20.220455;9.292170
20.200676;9.290740
20.180834;9.288527
20.161039;9.287556
20.141081;9.288806
20.121527;9.285301
20.101851;9.283018
20.082090;9.281960
20.062155;9.281123
20.042204;9.287520
20.022354;9.298147
20.002794;9.286002
19.983025;9.281084
19.962206;9.240406
19.941107;9.214972
19.920486;9.213769
19.899830;9.212805
19.879072;9.211082
19.857460;9.201640
19.836870;9.204395
19.816223;9.206390
19.794521;9.200695
19.774334;9.207147
19.752905;9.203918
19.730190;9.193032
19.709406;9.197271
19.688686;9.200733
19.666006;9.193618
19.644474;9.193655
19.622931;9.194964
19.601326;9.195516
19.579231;9.194378
19.556105;9.189627
19.534386;9.191992
19.510229;9.184917
19.489109;9.189710
19.465315;9.186167
19.440958;9.180967
19.422552;9.181479
19.399927;9.183553
19.370834;9.179664
19.350243;9.175230
19.327560;9.178136
19.301830;9.173916
19.275381;9.179943
19.252430;9.171950
19.227945;9.172381
19.200800;9.167712
19.176901;9.170644
19.150019;9.167534
19.125975;9.171119
19.106316;9.183987
19.104008;9.230964
19.080481;9.235182
19.059767;9.244995
19.035778;9.248920
19.003387;9.238370
18.974144;9.234389
18.944508;9.230950
18.917437;9.232124
18.892382;9.237075
18.862423;9.234804
18.829510;9.228820
18.804161;9.234952
18.771957;9.231578
18.737778;9.226269
18.704494;9.223130
18.678753;9.230942
18.646944;9.231168
18.606163;9.221006
18.577028;9.226239
18.533867;9.214908
18.507059;9.216351
18.473616;9.226374
18.429495;9.209067
18.395638;9.212369
18.350149;9.203695
18.313154;9.205307
18.282049;9.214186
18.241274;9.213402
18.193697;9.207154
20.000000;11.000000
17.920568;9.118941
17.873411;9.120676
17.824297;9.113015
17.768980;9.109940
17.710224;9.105348
17.665066;9.113182
19.796402;10.838297
17.598768;9.104856
17.546846;9.109645
19.791122;10.840189
17.489920;9.111778
17.435318;9.116512
20.000000;11.000000
17.217756;9.054457
17.261461;9.131944
20.000000;11.000000
20.000000;11.000000
16.989964;9.144474
16.926634;9.154289
16.847595;9.156240
16.750816;9.149884
16.654528;9.145696
16.544943;9.127172
20.000000;11.000000
19.793478;10.901059
19.766811;10.909870
19.766537;10.913423
19.767248;10.917323
19.767782;10.918815
19.766251;10.920186
20.000000;11.000000
20.000000;11.000000
19.768496;10.926147
19.763515;10.925306
20.000000;11.000000
20.000000;11.000000
19.767609;10.932487
20.000000;11.000000
19.767128;10.934159
19.764864;10.934832
20.000000;11.000000
20.000000;11.000000
19.764872;10.938654
20.000000;11.000000
19.761009;10.941692
19.753908;10.941282
20.000000;11.000000
20.000000;11.000000
20.000000;11.000000
18.688164;10.757837
18.684458;10.772901
18.691786;10.789763
18.690424;10.805101
18.690250;10.820452
18.691231;10.836031
18.688423;10.851111
18.700712;10.867754
18.703007;10.885929
18.688808;10.899994
18.682938;10.911984
18.685001;10.927434
18.685251;10.942611
18.683680;10.957708
20.000000;11.000000
18.684013;11.005930
18.682125;11.018195
18.682499;11.036262
18.682894;11.048512
18.683538;11.063662
18.679367;11.079102
18.679367;11.094361
18.679543;11.109631
18.673923;11.125474
19.796961;11.019781
18.677443;11.140511
20.000000;11.000000
18.674181;11.156302
18.671179;11.187617
18.660576;11.204858
18.669928;11.219115
18.671553;11.234577
18.672373;11.250215
18.675339;11.265472
18.676525;11.281110
18.671064;11.298288
18.666800;11.315399
18.667604;11.331441
18.670538;11.347000
18.670725;11.363199
18.669222;11.380116
18.697641;11.388258
18.616247;11.429918
18.648870;11.433601
18.664463;11.449026
18.660276;11.467657
18.660025;11.481915
18.662077;11.501997
18.663120;11.515985
18.660112;11.538366
18.658707;11.553473
18.656939;11.572525
18.654461;11.591966
18.657776;11.609188
18.655815;11.628827
18.650589;11.650456
18.651892;11.669050
18.653509;11.687828
18.647348;11.710715
18.647696;11.730508
18.648392;11.750515
18.655378;11.767006
18.659191;11.785586
18.649464;11.812299
18.644512;11.836842
18.647472;11.856661
18.644083;11.881011
18.642658;11.904314
18.644894;11.925509
18.638062;11.949063
18.641838;11.970030
18.637754;11.996811
18.640511;12.019014
18.642406;12.067458
18.636967;12.097560
18.628078;12.130980
19.625769;11.310077
18.650461;12.139078
20.000000;11.000000
18.630695;12.211027
18.630751;12.239582
18.629086;12.270335
18.628595;12.294700
18.625010;12.328588
18.625849;12.390587
18.624012;12.425138
18.617992;12.465009
19.689445;11.336630
18.617315;12.499928
18.618078;12.534444
20.000000;11.000000
18.597187;12.631937
20.000000;11.000000
19.702934;11.383375
20.000000;11.000000
19.731310;11.367193
20.000000;11.000000
19.738688;11.367582
19.740688;11.373876
19.739435;11.381511
19.727686;11.430031
19.734268;11.430608
19.738409;11.430798
19.745420;11.430336
19.751926;11.430660
19.756880;11.435768
19.757658;11.446468
20.000000;11.000000
19.756706;11.458443
20.000000;11.000000
19.755117;11.474541
20.000000;11.000000
19.755709;11.487183
19.754532;11.501108
20.000000;11.000000
20.000000;11.000000
20.000000;11.000000
20.000000;11.000000
20.000000;11.000000
20.000000;11.000000
18.435982;14.897929
18.481306;14.915810
18.411028;15.241110
18.498692;15.151903
18.494955;15.318237
18.482998;15.519181
18.473322;15.727609
18.463095;15.955125
18.450319;16.207300
18.439375;16.430189
18.420816;16.742832
18.425261;16.995647
20.000000;11.000000
20.000000;11.000000
20.000000;11.000000
20.000000;11.000000
20.000000;11.000000
18.119274;20.911137
20.000000;11.000000
20.000000;11.000000
20.000000;11.000000
20.000000;11.000000
20.000000;11.000000
20.000000;11.000000
18.918547;21.096245
19.048277;20.976707
19.156984;21.071781
19.272264;21.089790
19.389360;21.097553
19.513367;20.964125
19.625273;21.043011
19.742985;21.000698
19.857800;21.020990
20.000000;11.000000
