20.000000;11.000000
20.000000;11.000000
20.000000;11.000000
20.000000;11.000000
20.000000;11.000000
20.000000;11.000000
20.000000;11.000000
20.000000;11.000000
20.000000;11.000000
20.000000;11.000000
20.000000;11.000000
20.000000;11.000000
20.000000;11.000000
20.000000;11.000000
20.000000;11.000000
21.837234;20.957933
20.000000;11.000000
20.000000;11.000000
20.000000;11.000000
21.700037;18.304785
21.790848;18.309824
20.000000;11.000000
20.000000;11.000000
20.000000;11.000000
20.000000;11.000000
20.000000;11.000000
21.753410;16.440424
21.787292;16.334553
21.772478;16.093405
21.778334;15.926883
20.215437;11.510395
20.220455;11.502793
20.217535;11.486588
20.217033;11.468137
20.218367;11.452018
20.220964;11.441826
20.226017;11.441511
20.000000;11.000000
20.232988;11.442398
20.239016;11.441447
20.000000;11.000000
20.244604;11.441807
20.252638;11.444180
20.237757;11.386766
20.000000;11.000000
20.000000;11.000000
20.243063;11.381083
20.000000;11.000000
20.250198;11.378836
20.000000;11.000000
20.260454;11.386419
20.000000;11.000000
21.643318;13.262106
20.000000;11.000000
21.683834;13.208264
20.313820;11.409601
20.000000;11.000000
21.789217;13.246572
21.861296;13.282237
21.869919;13.229688
21.913092;13.237681
21.898697;13.160169
21.906237;13.118670
21.885975;13.047865
21.914406;13.030943
21.966999;13.038824
22.013409;13.048065
22.059729;13.047129
22.103611;13.033790
22.159775;13.040151
21.946669;12.796576
20.000000;11.000000
20.000000;11.000000
22.231617;12.920161
22.228165;12.881047
22.236916;12.836148
22.236935;12.801252
22.235601;12.749859
22.244627;12.715307
22.238724;12.670019
22.241777;12.632165
22.243443;12.593886
22.244522;12.555791
22.245850;12.518447
22.255800;12.487337
22.251030;12.447010
22.232922;12.399031
22.248146;12.372513
22.250166;12.338162
22.256018;12.306458
22.263182;12.275779
22.268305;12.243932
22.253466;12.202003
22.258379;12.171178
22.261099;12.139500
22.261591;12.107038
21.940313;11.916789
21.949909;11.893803
21.957405;11.869904
21.962772;11.845161
21.957676;11.816178
21.964230;11.792291
21.959314;11.764003
21.959621;11.738050
21.964293;11.713902
21.969610;11.690075
21.972746;11.665582
21.969872;11.639256
21.965698;11.612791
21.969801;11.589087
21.972710;11.564906
21.973343;11.540399
21.976578;11.516712
21.978558;11.492782
21.984140;11.469796
21.985554;11.445871
21.988596;11.422583
21.989443;11.398700
21.991968;11.375224
21.988308;11.350701
21.988297;11.326963
21.989977;11.303575
21.995346;11.280748
21.995493;11.257199
21.987417;11.232754
21.998913;11.210817
21.988281;11.186401
21.998283;11.163979
21.991568;11.116989
21.994787;11.093972
21.999741;11.070967
22.001431;11.047789
21.997850;11.024518
22.000999;11.001534
20.264986;10.997231
22.009882;10.978225
22.011494;10.954865
22.001841;10.931841
20.000000;11.000000
21.984726;10.904976
20.000000;11.000000
20.000000;11.000000
20.000000;11.000000
20.000000;11.000000
20.244917;10.945076
20.243788;10.944617
20.247267;10.941904
20.000000;11.000000
20.000000;11.000000
20.243046;10.937309
20.243555;10.935307
20.000000;11.000000
20.243906;10.932779
20.000000;11.000000
20.247110;10.929391
20.000000;11.000000
20.245478;10.927357
20.000000;11.000000
20.000000;11.000000
20.242146;10.920057
20.000000;11.000000
20.242331;10.917463
20.243229;10.917002
20.243935;10.915977
20.000000;11.000000
20.000000;11.000000
20.000000;11.000000
20.000000;11.000000
20.000000;11.000000
20.000000;11.000000
23.617931;9.432256
23.493040;9.429150
23.380234;9.432487
23.282574;9.431640
23.190586;9.429872
23.122353;9.418572
23.047194;9.412328
22.951006;9.418651
22.865021;9.421678
22.819542;9.403821
22.748968;9.401382
22.678019;9.401133
22.596197;9.408842
22.543705;9.400128
22.479601;9.400006
22.410645;9.396936
22.375618;9.387835
22.302319;9.390712
22.253572;9.385876
22.200836;9.384693
22.148382;9.384513
22.089886;9.390211
22.056940;9.377224
22.021641;9.366670
21.961721;9.377111
21.917582;9.375792
21.873678;9.375276
21.839905;9.367103
21.800114;9.364697
21.765642;9.358224
21.727644;9.355777
21.685532;9.358174
21.633734;9.364072
21.605566;9.354535
21.575489;9.347752
21.530994;9.356659
21.499712;9.352321
21.475182;9.341012
21.437475;9.345150
21.405241;9.343836
21.372694;9.343946
21.345840;9.337461
21.313601;9.338561
21.288288;9.331473
21.254398;9.335807
21.220352;9.341621
21.195942;9.335001
21.171955;9.327790
21.143608;9.327626
21.118189;9.323730
21.086126;9.330153
21.062559;9.324523
21.032171;9.330273
21.001825;9.328191
20.983706;9.323259
20.957741;9.323249
20.930126;9.327199
20.903788;9.320768
20.879770;9.319342
20.858854;9.311923
20.831842;9.317393
20.809477;9.323160
20.789284;9.315769
20.759941;9.318775
20.738541;9.314724
20.713472;9.319157
20.693327;9.312909
20.670385;9.313344
20.649143;9.310410
20.626879;9.310555
20.605553;9.308104
20.582787;9.310702
20.561737;9.308854
20.540419;9.308219
20.519291;9.306844
20.499495;9.301941
20.478300;9.302082
20.458214;9.298623
20.437614;9.297338
20.417284;9.295330
20.394764;9.302293
20.374775;9.299816
20.354374;9.299533
20.334402;9.297531
20.314249;9.296747
20.294123;9.296201
20.273544;9.297840
20.254091;9.293817
20.234854;9.288033
20.214520;9.290406
20.194950;9.287058
20.174864;9.286901
20.154963;9.286995
20.135403;9.283332
20.115442;9.284881
20.095648;9.284664
20.075996;9.281680
20.056057;9.280913
20.036192;9.284382
20.016365;9.293078
19.996695;9.276003
19.976913;9.280155
19.955534;9.216555
19.934666;9.212193
19.914150;9.214062
19.893490;9.213172
19.872728;9.211523
19.851171;9.201146
19.830486;9.202977
19.809824;9.205047
19.788601;9.202388
19.767807;9.203947
19.746740;9.203766
19.723955;9.193974
19.701897;9.189376
19.680391;9.188986
19.660131;9.195731
19.637630;9.190936
19.616219;9.192290
19.594790;9.193897
19.574038;9.198679
19.551413;9.195935
19.528667;9.193475
19.503698;9.183582
19.485836;9.185439
19.460150;9.189784
19.435205;9.182745
19.416191;9.181411
19.390875;9.174968
19.368280;9.177372
19.346678;9.182878
19.321278;9.178333
19.291660;9.175691
19.270473;9.172210
19.246443;9.173328
19.219599;9.168319
19.195761;9.171011
19.171467;9.173099
19.142458;9.165539
19.114902;9.162011
19.106697;9.198298
19.096937;9.230072
19.079887;9.246777
19.055029;9.248677
19.022650;9.237895
18.996998;9.239698
18.962166;9.226324
18.937195;9.230666
18.910612;9.232796
18.882336;9.232768
18.856092;9.236515
18.823696;9.231474
18.796667;9.235209
18.764988;9.232776
18.732512;9.230027
18.697273;9.224694
18.668524;9.228608
18.640303;9.233743
18.597786;9.221231
18.567993;9.225807
18.526657;9.216961
18.497900;9.216206
18.466379;9.220728
18.428148;9.218243
18.385469;9.212105
18.339216;9.202889
18.303534;9.206131
18.270491;9.212832
18.231047;9.213663
18.181257;9.205507
20.000000;11.000000
17.917397;9.126936
17.859179;9.118674
17.805052;9.115417
17.749624;9.112732
17.710371;9.116169
17.660007;9.119457
17.584251;9.103900
19.792061;10.838970
17.534636;9.110763
19.791336;10.843219
17.489044;9.121278
17.387468;9.092147
20.000000;11.000000
17.236538;9.078222
17.232817;9.122494
20.000000;11.000000
17.004957;9.164003
16.915352;9.157558
16.840591;9.162292
16.728294;9.147017
16.640459;9.148410
16.518637;9.123264
19.794085;10.897536
19.800673;10.902264
19.761877;10.906014
19.766615;10.910384
19.768032;10.912278
19.767979;10.915296
20.000000;11.000000
19.765572;10.922206
20.000000;11.000000
19.765738;10.924920
19.766590;10.925538
19.762569;10.924983
20.000000;11.000000
20.000000;11.000000
20.000000;11.000000
20.000000;11.000000
19.765162;10.937550
19.765144;10.937617
20.000000;11.000000
19.765762;10.939198
19.766375;10.940837
20.000000;11.000000
20.000000;11.000000
19.752705;10.942022
20.000000;11.000000
19.759932;10.946308
20.000000;11.000000
18.683907;10.758877
18.685162;10.774710
18.691544;10.791269
18.691189;10.806754
18.689655;10.824848
18.691059;10.837411
18.688267;10.852494
18.702578;10.869200
18.702898;10.887173
18.690928;10.898515
18.683861;10.913186
18.685944;10.928497
18.684210;10.943577
18.684650;10.958623
20.000000;11.000000
18.685005;11.003908
18.682137;11.018953
18.682442;11.034114
18.682917;11.049143
18.683708;11.067069
18.680395;11.079548
18.680401;11.094796
18.680571;11.109927
19.796810;11.018165
18.679205;11.128169
18.677469;11.140764
20.000000;11.000000
18.674196;11.156429
18.673178;11.187465
18.660595;11.204986
18.668941;11.219278
18.670567;11.234751
18.671366;11.250273
18.675314;11.265346
18.672558;11.281687
18.671007;11.298034
18.667683;11.314786
18.667509;11.331058
18.670406;11.346490
18.670622;11.362817
18.668116;11.379880
18.695539;11.388205
18.616997;11.428959
18.648628;11.436110
18.663258;11.448576
18.659063;11.467216
18.659748;11.481145
18.657873;11.499322
18.660183;11.519482
18.659550;11.534269
18.657463;11.553083
18.657818;11.574585
18.653204;11.591594
18.658712;11.611246
18.654549;11.628477
18.651955;11.648684
18.647858;11.669921
18.653048;11.686924
18.643330;11.711666
18.647205;11.729600
18.647888;11.749608
18.649651;11.769073
18.658588;11.784557
18.648062;11.811907
18.647276;11.833703
18.646814;11.855623
18.644247;11.879426
18.642797;11.902719
18.645926;11.923473
18.642706;11.948730
18.643141;11.971851
18.636183;11.996355
18.639730;12.017971
18.639227;12.068269
18.632902;12.098889
18.633389;12.124843
19.627724;11.309300
18.641066;12.145000
20.000000;11.000000
18.628784;12.210376
18.631046;12.236928
18.629948;12.266852
18.626503;12.293939
18.628567;12.327950
18.624249;12.389005
18.624323;12.421267
18.623039;12.456019
19.688259;11.334167
18.617483;12.496000
18.615351;12.533330
20.000000;11.000000
18.590427;12.635355
18.605556;12.695155
19.702419;11.382977
19.729380;11.367017
20.000000;11.000000
19.736767;11.367440
19.738472;11.372328
19.741909;11.378356
19.747158;11.381883
19.725912;11.431274
19.729664;11.430095
19.737667;11.430346
19.746534;11.430993
19.750641;11.431073
19.757063;11.433579
19.758263;11.445660
19.757307;11.457629
19.754551;11.470867
20.000000;11.000000
19.755917;11.481688
20.000000;11.000000
19.753798;11.497403
20.000000;11.000000
19.754517;11.507773
20.000000;11.000000
20.000000;11.000000
20.000000;11.000000
20.000000;11.000000
20.000000;11.000000
20.000000;11.000000
20.000000;11.000000
18.547062;14.851029
18.512411;15.084543
18.499191;15.273104
18.488516;15.467222
18.471283;15.695409
18.467642;15.898935
18.459408;16.131739
18.436153;16.435505
18.433529;16.641560
18.425707;16.933710
20.000000;11.000000
20.000000;11.000000
20.000000;11.000000
20.000000;11.000000
20.000000;11.000000
20.000000;11.000000
20.000000;11.000000
20.000000;11.000000
20.000000;11.000000
20.000000;11.000000
20.000000;11.000000
20.000000;11.000000
18.920570;21.077354
19.046473;20.995623
19.155399;21.090715
19.280323;20.978081
19.390507;21.078588
19.516050;20.909189
19.625944;21.025024
19.741056;21.075674
19.858580;20.965996
20.000000;11.000000
