20.000000;11.000000
20.000000;11.000000
20.000000;11.000000
20.000000;11.000000
20.000000;11.000000
20.000000;11.000000
20.000000;11.000000
20.000000;11.000000
20.000000;11.000000
20.000000;11.000000
20.000000;11.000000
20.000000;11.000000
20.000000;11.000000
20.000000;11.000000
20.000000;11.000000
20.000000;11.000000
20.000000;11.000000
20.000000;11.000000
21.682934;18.780060
21.661894;18.276634
21.745499;18.257034
20.000000;11.000000
20.000000;11.000000
20.000000;11.000000
20.000000;11.000000
20.000000;11.000000
21.739315;16.521530
21.775036;16.376570
21.777731;16.183636
21.765503;15.961226
20.000000;11.000000
20.218212;11.507037
20.216505;11.490328
20.218161;11.470922
20.217964;11.456648
20.218887;11.442860
20.224421;11.441203
20.230865;11.443510
20.236423;11.441707
20.243418;11.442462
20.248058;11.443318
20.225952;11.383368
20.234833;11.392050
20.000000;11.000000
20.237133;11.380095
20.000000;11.000000
20.241159;11.382291
20.000000;11.000000
20.247177;11.378428
20.000000;11.000000
20.254333;11.379689
20.000000;11.000000
20.000000;11.000000
20.313517;11.419861
21.670998;13.214237
21.706356;13.207362
21.777782;13.245437
20.296419;11.366028
21.763613;13.174781
21.850229;13.238273
20.000000;11.000000
21.896646;13.179233
21.897335;13.138691
21.889616;13.071659
21.903967;13.039366
21.947531;13.038108
22.005501;13.050218
22.041616;13.048283
22.083094;13.041962
22.132114;13.041664
22.181213;13.040706
22.201786;13.012567
20.000000;11.000000
22.222757;12.930410
22.228800;12.898850
22.234535;12.859435
22.235115;12.808282
22.250450;12.777892
22.237831;12.725801
22.244919;12.690101
22.238586;12.644996
22.242079;12.607844
22.245012;12.570834
22.249043;12.535102
22.255878;12.501704
22.251337;12.461279
22.257015;12.428329
22.238535;12.380529
22.250113;12.351893
22.256149;12.320145
22.254803;12.284479
22.270306;12.258938
22.258354;12.218273
22.260822;12.185955
22.263739;12.154198
22.254572;12.116763
22.258259;12.086415
21.946508;11.903561
21.954124;11.879687
21.953115;11.852348
21.961031;11.828856
21.963110;11.803021
21.967644;11.778356
21.959726;11.749051
21.966337;11.725763
21.967089;11.700221
21.970348;11.675733
21.969509;11.650009
21.965479;11.623490
21.965824;11.598797
21.968800;11.574831
21.971483;11.550877
21.974842;11.527196
21.975979;11.503018
21.979738;11.479591
21.983219;11.456144
21.983492;11.432043
21.989349;11.409206
21.991999;11.385721
21.981581;11.359906
21.978722;11.335724
21.989397;11.313838
21.990896;11.290642
21.993143;11.267393
21.993134;11.243890
21.994835;11.220642
21.991289;11.196896
21.989454;11.173435
22.005270;11.104680
21.997356;11.081046
21.996162;11.057813
21.998699;11.034687
21.999968;11.011505
22.007965;10.988256
20.264992;10.997993
22.009693;10.964930
20.267925;10.993680
22.010151;10.941589
20.000000;11.000000
21.999348;10.918681
20.000000;11.000000
20.000000;11.000000
20.000000;11.000000
20.000000;11.000000
20.000000;11.000000
20.000000;11.000000
20.256567;10.946917
20.245924;10.944999
20.244263;10.942239
20.000000;11.000000
20.242813;10.940488
20.000000;11.000000
20.000000;11.000000
20.242483;10.935168
20.000000;11.000000
20.000000;11.000000
20.257187;10.924642
20.244511;10.927617
20.000000;11.000000
20.243160;10.923199
20.000000;11.000000
20.000000;11.000000
20.243803;10.918706
20.244160;10.916632
20.000000;11.000000
20.000000;11.000000
20.000000;11.000000
20.000000;11.000000
20.000000;11.000000
20.000000;11.000000
20.000000;11.000000
23.533283;9.430965
23.436478;9.435136
23.305279;9.439821
23.220409;9.433945
23.146738;9.424753
23.069580;9.418582
22.990946;9.414922
22.901382;9.419368
22.839224;9.410244
22.775517;9.403344
22.699276;9.405594
22.614759;9.414315
22.567324;9.402056
22.500568;9.395630
22.456104;9.391383
22.394705;9.383921
22.331543;9.387197
22.275967;9.386287
22.230398;9.379391
22.172144;9.382887
22.118406;9.384684
22.068790;9.384224
22.033508;9.373450
21.988356;9.371705
21.940981;9.372521
21.894653;9.373564
21.853125;9.371498
21.814192;9.368341
21.778219;9.362984
21.739460;9.360982
21.699612;9.361207
21.659845;9.361972
21.620928;9.355593
21.590963;9.355681
21.557831;9.344798
21.518894;9.348185
21.487093;9.344953
21.448662;9.349607
21.419004;9.345060
21.385586;9.345576
21.359335;9.338129
21.325146;9.341351
21.298435;9.335551
21.266315;9.337308
21.236202;9.337175
21.206259;9.337516
21.178802;9.335060
21.154863;9.328080
21.125891;9.328895
21.097095;9.330153
21.071877;9.326904
21.042334;9.330699
21.017181;9.328117
20.992620;9.325033
20.970623;9.317962
20.939293;9.327740
20.916952;9.322222
20.892265;9.321410
20.867683;9.320945
20.841454;9.315469
20.814436;9.321116
20.797342;9.316250
20.771944;9.309951
20.746214;9.314825
20.724644;9.310877
20.700781;9.312743
20.678339;9.312216
20.655457;9.312849
20.632679;9.313786
20.612734;9.307500
20.591412;9.305226
20.568371;9.308962
20.545948;9.311046
20.524700;9.310607
20.505638;9.302717
20.485256;9.299896
20.463921;9.300170
20.443073;9.299784
20.421152;9.303493
20.400688;9.302653
20.380697;9.300108
20.359501;9.302654
20.339361;9.301572
20.319452;9.298733
20.299339;9.298124
20.279091;9.297727
20.259789;9.292651
20.239965;9.289753
20.219765;9.291073
20.199972;9.289651
20.180014;9.288441
20.160124;9.288474
20.140097;9.288725
20.120541;9.285232
20.100639;9.283949
20.080984;9.280907
20.061001;9.281082
20.041101;9.285493
20.021200;9.299132
20.001486;9.279000
19.981749;9.285097
19.960478;9.223439
19.939705;9.214018
19.918900;9.212839
19.898117;9.209897
19.877357;9.211200
19.855907;9.201764
19.835321;9.204536
19.814402;9.205573
19.793427;9.204846
19.772364;9.205379
19.750910;9.202174
19.729624;9.202218
19.707838;9.198538
19.685417;9.193181
19.664650;9.196920
19.642570;9.194031
19.620411;9.192427
19.599207;9.194961
19.577839;9.197784
19.555458;9.195964
19.529800;9.182848
19.507357;9.182587
19.486580;9.189386
19.463228;9.186783
19.444166;9.185213
19.415974;9.182531
19.390984;9.177040
19.368567;9.180449
19.349651;9.180750
19.318655;9.173974
19.299196;9.173854
19.276583;9.178389
19.250357;9.173881
19.222977;9.167970
19.198742;9.169703
19.174034;9.170839
19.147385;9.168758
19.123777;9.173279
19.105476;9.188860
19.095579;9.230765
19.080091;9.241025
19.058329;9.249172
19.027605;9.240868
18.999529;9.238258
18.970091;9.234434
18.941113;9.231815
18.914034;9.233039
18.890408;9.240681
18.858835;9.235930
18.826454;9.230843
18.800386;9.236306
18.767593;9.232177
18.734549;9.228571
18.700499;9.224811
18.673563;9.231078
18.642166;9.232309
18.600899;9.221324
18.576286;9.224270
18.534843;9.215400
18.499611;9.214767
18.468086;9.227180
18.425722;9.212384
18.390532;9.214272
18.346191;9.207337
18.305769;9.205396
18.276203;9.215656
18.232418;9.212307
20.000000;11.000000
18.184229;9.205345
17.926119;9.123240
17.870205;9.116752
17.809711;9.116132
17.755848;9.114651
17.706776;9.109522
17.653244;9.110315
17.598465;9.111706
19.794327;10.840945
19.791861;10.839230
17.538828;9.110227
17.492266;9.120312
17.397369;9.095549
20.000000;11.000000
17.215408;9.059566
17.252811;9.132211
20.000000;11.000000
20.000000;11.000000
16.986446;9.148281
16.921410;9.157170
16.849443;9.162992
16.748512;9.153935
16.657877;9.143781
16.542612;9.131480
20.000000;11.000000
19.793335;10.901356
19.765741;10.915598
19.767519;10.916565
19.768404;10.917059
19.766083;10.917617
20.000000;11.000000
20.000000;11.000000
19.769068;10.924373
20.000000;11.000000
19.764648;10.928410
20.000000;11.000000
20.000000;11.000000
19.761576;10.931749
19.766941;10.934830
20.000000;11.000000
20.000000;11.000000
19.763975;10.938129
19.764568;10.939827
19.765480;10.940299
20.000000;11.000000
19.754395;10.939280
20.000000;11.000000
19.760597;10.943412
20.000000;11.000000
20.000000;11.000000
18.687227;10.757403
18.684502;10.772649
18.690859;10.789228
18.690498;10.804599
18.691309;10.820086
18.691311;10.835403
18.687502;10.850369
18.699795;10.866904
18.703329;10.882323
18.692863;10.899421
18.684004;10.911041
18.686062;10.926355
18.685177;10.944376
18.683716;10.956573
20.000000;11.000000
18.682001;11.001895
18.683111;11.017045
18.682465;11.034998
18.682848;11.047249
18.682480;11.062447
18.681288;11.077718
18.679268;11.092968
18.680426;11.108156
18.678770;11.123610
19.796944;11.019607
18.677296;11.139116
20.000000;11.000000
18.677975;11.154313
18.693760;11.183023
18.656404;11.204045
18.669676;11.217586
18.671284;11.233048
18.672087;11.248688
18.675035;11.263948
18.673241;11.280080
18.669718;11.296849
18.668354;11.313279
18.667162;11.329652
18.670074;11.345215
18.671240;11.361279
18.666826;11.379004
18.694246;11.387363
18.615686;11.424714
18.647341;11.435380
18.663820;11.447105
18.657761;11.466515
18.660275;11.479651
18.658594;11.501251
18.666113;11.512628
18.661249;11.535825
18.660109;11.554249
18.656172;11.570723
18.654583;11.589758
18.657871;11.606974
18.657265;11.629562
18.652359;11.647217
18.650995;11.667240
18.651630;11.686345
18.642853;11.710755
18.646717;11.728692
18.650887;11.746763
18.646526;11.769650
18.658136;11.783786
18.647518;11.810999
18.647570;11.832271
18.646322;11.854845
18.644497;11.877973
18.642279;11.901938
18.646132;11.922002
18.642981;11.947376
18.642582;11.971071
18.636417;11.994981
18.639946;12.016590
18.637827;12.068103
18.636274;12.095103
18.633512;12.123422
19.628437;11.307026
20.000000;11.000000
18.639643;12.144863
18.628204;12.209719
18.630335;12.236140
18.630690;12.264707
18.626612;12.292595
18.627169;12.322184
20.000000;11.000000
18.632837;12.384840
18.625034;12.419170
18.623577;12.453775
18.618660;12.493003
18.614614;12.532666
20.000000;11.000000
18.588833;12.635301
18.609829;12.688311
19.701820;11.385042
19.728575;11.367665
20.000000;11.000000
19.736555;11.367289
19.739115;11.372778
19.742292;11.377406
19.746939;11.381738
19.723766;11.429902
19.730894;11.429688
19.738369;11.430773
19.745821;11.431734
19.751345;11.431479
19.757303;11.432568
19.757067;11.445008
19.755974;11.454651
20.000000;11.000000
19.756241;11.469491
19.755638;11.481547
20.000000;11.000000
19.753069;11.498158
20.000000;11.000000
19.753611;11.511777
20.000000;11.000000
20.000000;11.000000
20.000000;11.000000
20.000000;11.000000
20.000000;11.000000
20.000000;11.000000
18.470037;14.910348
18.545538;14.847247
18.516186;15.065695
18.503960;15.250400
18.493547;15.442531
18.487677;15.634490
18.470469;15.876766
18.452591;16.140131
18.437807;16.414127
18.436586;16.662121
18.423985;16.921871
20.000000;11.000000
20.000000;11.000000
20.000000;11.000000
20.000000;11.000000
20.000000;11.000000
20.000000;11.000000
20.000000;11.000000
20.000000;11.000000
20.000000;11.000000
20.000000;11.000000
20.000000;11.000000
20.000000;11.000000
18.900887;20.989717
19.010305;21.058428
19.124447;21.088076
19.249039;20.984800
19.354368;21.143473
19.477015;21.055408
19.594633;21.013798
19.708216;21.074776
19.825293;21.011477
20.000000;11.000000
