20.000000;11.000000
20.000000;11.000000
20.000000;11.000000
20.000000;11.000000
20.000000;11.000000
20.000000;11.000000
20.000000;11.000000
20.000000;11.000000
20.000000;11.000000
20.000000;11.000000
20.000000;11.000000
20.000000;11.000000
20.000000;11.000000
20.000000;11.000000
20.000000;11.000000
21.861399;21.051094
20.000000;11.000000
20.000000;11.000000
21.701752;18.692003
21.705376;18.308674
21.794353;18.308966
20.000000;11.000000
21.448456;16.317245
20.000000;11.000000
20.000000;11.000000
20.000000;11.000000
21.738796;16.432514
21.766382;16.268789
21.768364;16.080013
21.762506;15.881564
20.215487;11.510374
20.217348;11.498694
20.218149;11.485216
20.218443;11.468584
20.217327;11.452518
20.218971;11.442818
20.224958;11.442052
20.231884;11.442978
20.000000;11.000000
20.237913;11.442042
20.000000;11.000000
20.245409;11.441360
20.253447;11.443718
20.237570;11.386880
20.000000;11.000000
20.000000;11.000000
20.244522;11.380149
20.000000;11.000000
20.248306;11.380078
20.000000;11.000000
20.258785;11.386336
20.000000;11.000000
21.637758;13.268601
21.684351;13.212899
20.310753;11.404392
20.000000;11.000000
21.789305;13.241386
21.864569;13.291179
20.298729;11.364145
21.864136;13.237129
20.000000;11.000000
21.895758;13.161418
21.906469;13.123837
21.884295;13.050770
21.914808;13.036058
21.958908;13.035510
22.016073;13.046846
22.055050;13.047577
22.097815;13.042634
20.000000;11.000000
21.706839;12.572815
20.000000;11.000000
20.000000;11.000000
22.225178;12.929147
22.240131;12.888575
22.233118;12.847049
22.245762;12.806233
22.232016;12.760898
22.240870;12.718570
22.243044;12.679274
22.240416;12.637425
22.242163;12.599132
22.243324;12.561019
22.248726;12.526682
22.257946;12.494972
22.251472;12.453709
22.248720;12.415242
22.246952;12.378297
22.249054;12.343931
22.259182;12.314950
22.261232;12.281260
22.259186;12.245984
22.262033;12.213547
22.258999;12.178654
22.253792;12.142871
22.255129;12.111121
22.058941;11.979368
21.942055;11.896519
21.955063;11.875155
21.960415;11.850615
21.956322;11.822005
21.961016;11.797561
21.960831;11.771098
21.958355;11.744226
21.964979;11.720770
21.964722;11.694925
21.956497;11.666792
21.969801;11.645920
21.960888;11.618105
21.969841;11.595895
21.968884;11.570966
21.971519;11.547017
21.974783;11.523531
21.977814;11.499852
21.980516;11.476364
21.983915;11.453102
21.987083;11.429634
21.990915;11.406545
21.992516;11.383047
21.980095;11.356892
21.986042;11.334420
21.987782;11.311240
21.992247;11.288303
21.985519;11.264046
21.987457;11.240874
21.990097;11.217994
21.993467;11.195182
21.991613;11.171700
20.000000;11.000000
21.996361;11.102680
21.998409;11.079746
21.997196;11.056693
22.000719;11.033571
22.011972;11.010610
22.010962;10.987468
22.004681;10.964248
20.264938;10.994309
22.011135;10.940982
21.999323;10.918106
20.000000;11.000000
20.000000;11.000000
20.000000;11.000000
20.000000;11.000000
20.000000;11.000000
20.000000;11.000000
20.000000;11.000000
20.256454;10.946376
20.246288;10.946651
20.244146;10.941747
20.243084;10.941606
20.000000;11.000000
20.000000;11.000000
20.242495;10.935215
20.000000;11.000000
20.257362;10.928911
20.000000;11.000000
20.000000;11.000000
20.000000;11.000000
20.243225;10.923409
20.000000;11.000000
20.242153;10.920081
20.000000;11.000000
20.243467;10.917701
20.000000;11.000000
20.243446;10.914575
20.000000;11.000000
20.000000;11.000000
20.000000;11.000000
20.000000;11.000000
20.000000;11.000000
20.000000;11.000000
23.527485;9.435159
23.425438;9.432623
23.308590;9.439809
23.227455;9.432430
23.147341;9.425960
23.082787;9.413648
22.994356;9.414952
22.910044;9.416457
22.845222;9.408676
22.773834;9.406436
22.710375;9.400790
22.627645;9.408567
22.561602;9.408002
22.514294;9.396674
22.453835;9.395221
22.401834;9.389144
22.346613;9.379101
22.277205;9.388032
22.238926;9.375817
22.176748;9.382376
22.121237;9.385098
22.074915;9.382320
22.037254;9.373334
21.990534;9.372788
21.942383;9.374197
21.900768;9.371477
21.854841;9.373453
21.824684;9.362065
21.779945;9.364860
21.741186;9.362817
21.701340;9.363001
21.665937;9.352487
21.626436;9.361041
21.589922;9.353286
21.561106;9.345137
21.523664;9.347137
21.489664;9.345922
21.452040;9.349914
21.422369;9.345313
21.387646;9.347304
21.361565;9.339955
21.328463;9.341443
21.301125;9.336384
21.269760;9.337420
21.239031;9.338035
21.210255;9.336710
21.182774;9.334198
21.156126;9.331387
21.129414;9.328858
21.101147;9.329228
21.074823;9.327607
21.045263;9.331352
21.019585;9.329582
20.994677;9.327417
20.973204;9.319452
20.942083;9.320132
20.916466;9.320816
20.891768;9.320014
20.872721;9.317923
20.844934;9.314974
20.817171;9.322446
20.795519;9.317599
20.774281;9.312120
20.749121;9.316115
20.728350;9.310293
20.702150;9.317646
20.683498;9.307825
20.658367;9.313983
20.636293;9.313008
20.615654;9.308559
20.592510;9.311968
20.571608;9.308997
20.549023;9.312043
20.527914;9.310560
20.508730;9.303640
20.488188;9.300736
20.466751;9.301982
20.445753;9.301518
20.425213;9.300383
20.403616;9.303348
20.384951;9.294914
20.363684;9.297409
20.342525;9.300167
20.322947;9.296339
20.302113;9.298615
20.282028;9.298211
20.262724;9.292089
20.242636;9.292150
20.222549;9.291433
20.202761;9.289979
20.182909;9.287742
20.163103;9.286746
20.143051;9.286963
20.123262;9.286427
20.103556;9.282119
20.083689;9.283038
20.063803;9.281184
20.043655;9.288557
20.023836;9.297167
20.004108;9.286005
19.984381;9.285071
19.963865;9.255374
19.942411;9.212928
19.921640;9.212717
19.900858;9.212748
19.880102;9.211013
19.858494;9.201558
19.837904;9.204301
19.817083;9.206303
19.795496;9.201590
19.775318;9.208031
19.753593;9.203823
19.730858;9.193944
19.710098;9.197160
19.688183;9.194732
19.666346;9.192538
19.644821;9.193586
19.623074;9.193913
19.601889;9.196416
19.579632;9.195312
19.556105;9.189627
19.534807;9.192916
19.510229;9.184917
19.489651;9.191635
19.469597;9.185951
19.440783;9.181021
19.418674;9.183765
19.399754;9.183610
19.370987;9.180669
19.350229;9.176297
19.326691;9.177391
19.301662;9.175051
19.274857;9.180151
19.251728;9.172237
19.224520;9.166230
19.200274;9.167942
19.176374;9.170880
19.148895;9.166953
19.126568;9.174160
19.106062;9.185226
19.103331;9.231308
19.078880;9.233761
19.059566;9.246238
19.035421;9.250258
19.003036;9.239718
18.976816;9.240932
18.943317;9.230496
18.916237;9.231687
18.892069;9.238452
18.861034;9.234509
18.829212;9.230215
18.801632;9.233043
18.769968;9.230524
18.736347;9.226059
18.702883;9.223068
18.676537;9.230100
18.646534;9.232740
18.604076;9.220101
18.576178;9.226922
18.533646;9.216384
18.505392;9.216443
18.471289;9.225738
18.428465;9.209971
18.393940;9.212549
18.350975;9.207011
18.311266;9.205711
18.278770;9.213179
18.237799;9.212615
18.189653;9.205551
20.000000;11.000000
17.916901;9.118526
17.872374;9.114303
17.822668;9.114893
17.758602;9.112928
17.710903;9.109235
17.661880;9.113942
17.598524;9.108397
19.792759;10.838075
17.538876;9.106884
19.792810;10.842924
17.493090;9.117548
17.405283;9.098282
20.000000;11.000000
17.215891;9.057125
17.252232;9.129506
20.000000;11.000000
20.000000;11.000000
16.989712;9.148697
16.921259;9.155476
16.844790;9.159061
16.736694;9.146398
16.650368;9.138769
16.536633;9.127820
20.000000;11.000000
19.794912;10.898119
19.766315;10.911168
19.766811;10.915579
19.766691;10.918910
19.766436;10.919648
19.767334;10.920108
20.000000;11.000000
20.000000;11.000000
20.000000;11.000000
19.762789;10.927646
19.767160;10.930465
20.000000;11.000000
20.000000;11.000000
19.765223;10.933548
20.000000;11.000000
20.000000;11.000000
19.765463;10.940367
19.761343;10.940341
20.000000;11.000000
19.764036;10.941951
19.764791;10.943069
20.000000;11.000000
19.753481;10.943101
20.000000;11.000000
20.000000;11.000000
18.688047;10.758466
18.685356;10.773575
18.691706;10.790265
18.691357;10.805625
18.690180;10.820954
18.691820;10.839416
18.689375;10.851601
18.702677;10.868205
18.701988;10.886090
18.689013;10.897354
18.682930;10.912110
18.685001;10.927434
18.684254;10.942567
18.684593;10.960515
20.000000;11.000000
18.684004;11.003028
18.682125;11.018195
18.682495;11.036135
18.682888;11.048386
18.683533;11.063536
18.679359;11.078975
18.679348;11.094108
18.679522;11.109378
18.675890;11.125032
19.796961;11.019781
18.677402;11.140130
20.000000;11.000000
18.674137;11.155921
18.675104;11.186804
18.660517;11.204473
18.668879;11.218895
18.671484;11.234195
18.672300;11.249833
18.675238;11.264964
18.676416;11.280602
18.670950;11.297779
18.669598;11.314198
18.666475;11.331043
18.670372;11.346362
18.670586;11.362689
18.668079;11.379752
18.695539;11.388205
18.616041;11.429255
18.648668;11.436239
18.663263;11.445439
18.660053;11.467014
18.661753;11.483759
18.661787;11.501227
18.660025;11.516295
18.659550;11.534269
18.658388;11.552702
18.656609;11.571753
18.654119;11.591192
18.657368;11.608287
18.654488;11.628348
18.651955;11.648684
18.648754;11.669477
18.652983;11.686795
18.646803;11.709678
18.648087;11.729125
18.647818;11.749478
18.648708;11.769439
18.657724;11.785062
18.648842;11.811262
18.648048;11.833049
18.648424;11.854424
18.645002;11.878752
18.642712;11.902589
18.646574;11.922650
18.643343;11.947897
18.642235;11.972304
18.636799;11.995504
18.643381;12.019506
18.638237;12.068625
18.636589;12.095495
18.633837;12.123815
19.628555;11.307169
18.639206;12.145898
20.000000;11.000000
18.629187;12.209320
18.630453;12.236272
18.630810;12.264838
18.627340;12.291909
18.627888;12.321489
20.000000;11.000000
18.630491;12.381112
18.624899;12.419039
18.624125;12.452917
18.618517;12.492870
18.614321;12.532400
20.000000;11.000000
18.591133;12.632002
18.608070;12.689454
19.699018;11.386665
19.730059;11.368755
20.000000;11.000000
19.738617;11.367532
19.740330;11.372408
19.741882;11.375914
19.745914;11.381057
19.723560;11.429770
19.730116;11.430380
19.739029;11.431173
19.744579;11.431001
19.752007;11.431860
19.757013;11.432405
19.757708;11.445357
19.755625;11.454464
19.756342;11.468417
20.000000;11.000000
19.756332;11.481898
20.000000;11.000000
19.754021;11.495281
19.752090;11.511043
20.000000;11.000000
20.000000;11.000000
20.000000;11.000000
20.000000;11.000000
20.000000;11.000000
20.000000;11.000000
20.000000;11.000000
18.467770;14.907311
18.535147;14.865767
18.518564;15.049530
18.501366;15.247365
18.492716;15.433800
18.486919;15.624775
18.471527;15.860329
18.454718;16.118839
18.437824;16.398520
18.434023;16.606403
18.419443;16.920660
20.000000;11.000000
20.000000;11.000000
20.000000;11.000000
20.000000;11.000000
20.000000;11.000000
20.000000;11.000000
20.000000;11.000000
20.000000;11.000000
20.000000;11.000000
20.000000;11.000000
20.000000;11.000000
20.000000;11.000000
18.941751;21.089655
19.061428;21.063326
19.178078;21.063492
19.297195;21.025396
19.417433;20.949961
19.530626;20.983973
19.646193;20.969725
19.759356;21.038116
19.873922;21.115213
20.000000;11.000000
