20.044855;22.410912
20.000000;11.000000
20.312338;22.590792
20.000000;11.000000
20.000000;11.000000
20.000000;11.000000
20.000000;11.000000
20.000000;11.000000
20.000000;11.000000
20.000000;11.000000
20.000000;11.000000
21.317198;21.029879
20.000000;11.000000
20.000000;11.000000
20.000000;11.000000
20.000000;11.000000
20.000000;11.000000
20.000000;11.000000
21.668013;18.783272
21.641092;18.249573
21.733437;18.265064
20.000000;11.000000
20.000000;11.000000
21.541294;16.596645
20.000000;11.000000
20.000000;11.000000
21.743910;16.530567
21.759356;16.403809
21.775208;16.208805
21.764656;15.989113
21.785099;15.868023
20.215729;11.507012
20.216320;11.492595
20.219305;11.475901
20.216345;11.460733
20.216230;11.439710
20.221624;11.442615
20.230446;11.442601
20.234558;11.442700
20.242527;11.442951
20.248587;11.441875
20.227167;11.387294
20.235218;11.390652
20.239170;11.387069
20.000000;11.000000
20.240129;11.380576
20.000000;11.000000
20.244741;11.380008
20.000000;11.000000
20.252975;11.379393
20.000000;11.000000
20.266056;11.391080
20.000000;11.000000
21.656855;13.207358
21.693111;13.202421
20.319174;11.413052
21.784672;13.276927
20.293446;11.365856
21.781330;13.219589
21.845966;13.236607
21.842436;13.190085
21.922974;13.233154
21.905022;13.151922
21.914412;13.112636
21.892353;13.040610
21.930847;13.034663
21.980099;13.038669
22.024998;13.046467
22.069237;13.043214
22.112036;13.038021
22.169537;13.045834
22.949778;13.729684
20.000000;11.000000
20.000000;11.000000
22.229872;12.916056
22.233387;12.874845
22.240116;12.836978
22.241760;12.795241
22.239424;12.751466
22.244120;12.706075
22.236456;12.659666
22.235966;12.619747
22.244806;12.586773
22.244802;12.548351
22.241041;12.507693
22.261581;12.484005
22.254215;12.442042
22.240959;12.397493
22.252747;12.368807
22.252855;12.333630
22.245649;12.294421
22.264002;12.270241
22.261789;12.235004
22.253002;12.196489
22.256844;12.165443
22.252337;12.130214
22.257998;12.100721
21.941717;11.913812
21.950367;11.890395
21.957823;11.866495
21.958471;11.839972
21.957924;11.812979
21.964363;11.789281
21.960337;11.761372
21.960541;11.735607
21.965181;11.711452
21.969460;11.687479
21.972563;11.662992
21.969593;11.636871
21.968254;11.611311
21.968447;11.586627
21.975121;11.563752
21.972794;11.538622
21.976006;11.514944
21.977964;11.491023
21.984455;11.468464
21.986828;11.444757
21.989857;11.421455
21.988728;11.397168
21.992184;11.374078
21.987524;11.349384
21.988453;11.326011
21.988146;11.302320
21.988522;11.279011
21.994600;11.256307
21.987484;11.232182
22.001978;11.210364
21.989330;11.185923
21.999327;11.163486
21.991589;11.116607
21.996803;11.093683
21.999748;11.070775
22.001434;11.047596
21.997850;11.024518
22.007999;11.001348
20.264984;10.997154
22.001883;10.978312
22.004496;10.955023
22.002846;10.931998
21.983940;10.909589
20.000000;11.000000
20.000000;11.000000
20.000000;11.000000
20.000000;11.000000
20.000000;11.000000
20.247398;10.947055
20.245407;10.947309
20.243612;10.939549
20.000000;11.000000
20.241732;10.936237
20.000000;11.000000
20.243443;10.934887
20.000000;11.000000
20.243490;10.931284
20.000000;11.000000
20.245512;10.927474
20.000000;11.000000
20.246033;10.925727
20.000000;11.000000
20.244112;10.922897
20.242870;10.922290
20.000000;11.000000
20.000000;11.000000
20.243975;10.916093
20.242901;10.916046
20.000000;11.000000
20.000000;11.000000
20.000000;11.000000
20.000000;11.000000
20.000000;11.000000
20.000000;11.000000
23.614454;9.426761
23.491207;9.432387
23.386730;9.432235
23.289793;9.430513
23.198818;9.428486
23.136799;9.413899
23.050768;9.412697
22.962648;9.414970
22.874842;9.418782
22.816259;9.408174
22.755383;9.400479
22.676514;9.404467
22.605947;9.405615
22.547472;9.400485
22.486866;9.398356
22.426399;9.397174
22.376915;9.382625
22.310684;9.395722
22.256746;9.386874
22.210451;9.380895
22.153284;9.384378
22.104269;9.382666
22.060377;9.378355
22.024298;9.368369
21.966827;9.377011
21.924187;9.374310
21.886448;9.368634
21.842686;9.368734
21.804529;9.365100
21.770777;9.357876
21.729851;9.358097
21.687891;9.360600
21.647484;9.362280
21.608789;9.356285
21.578712;9.349448
21.535563;9.356817
21.502396;9.354767
21.478548;9.342672
21.439514;9.348248
21.410690;9.343218
21.376669;9.344648
21.348707;9.339787
21.316927;9.339921
21.287331;9.338319
21.257713;9.337056
21.229588;9.334764
21.199665;9.335215
21.173529;9.331339
21.147305;9.327733
21.125765;9.317968
21.090326;9.329308
21.065128;9.326155
21.031940;9.327779
21.009462;9.329284
20.986624;9.323813
20.960083;9.316525
20.932043;9.329412
20.907152;9.320311
20.886194;9.321589
20.862190;9.311378
20.834101;9.318511
20.808897;9.320661
20.788677;9.313277
20.766165;9.310616
20.740641;9.315645
20.716742;9.317287
20.695429;9.313775
20.672857;9.313251
20.651249;9.311220
20.629171;9.310339
20.607323;9.309800
20.586367;9.306649
20.563520;9.309447
20.544035;9.303076
20.521076;9.307392
20.501123;9.302421
20.480200;9.301579
20.459682;9.299019
20.439333;9.296748
20.418352;9.296622
20.396065;9.302596
20.375862;9.301081
20.355515;9.299771
20.334995;9.299686
20.314865;9.298895
20.294769;9.297327
20.274683;9.297010
20.255056;9.292950
20.235374;9.289115
20.215050;9.291481
20.195557;9.286120
20.175356;9.286952
20.155457;9.287040
20.135733;9.283358
20.115704;9.285901
20.091763;9.289459
20.076040;9.280681
20.056189;9.281919
20.036213;9.283381
20.016356;9.294079
19.996531;9.277003
19.976585;9.280159
19.955318;9.221561
19.934361;9.213205
19.913809;9.214079
19.892977;9.213202
19.872143;9.210562
19.850565;9.202200
19.829798;9.203043
19.809069;9.206132
19.787333;9.200523
19.766001;9.198131
19.744553;9.197006
19.723372;9.197099
19.700520;9.188590
19.679176;9.189201
19.658564;9.195010
19.636440;9.192195
19.614450;9.191644
19.593012;9.193273
19.572311;9.199088
19.547987;9.189574
19.524734;9.186234
19.500990;9.181213
19.478270;9.181357
19.456921;9.186574
19.432817;9.182442
19.413923;9.182140
19.388918;9.176677
19.361820;9.179625
19.343559;9.181876
19.319008;9.180247
19.293247;9.176148
19.268591;9.175117
19.242495;9.171715
19.216789;9.169518
19.192377;9.171409
19.168491;9.174451
19.138443;9.165211
19.115215;9.170743
19.108767;9.210670
19.092802;9.229940
19.068598;9.233506
19.051672;9.250493
19.018787;9.238899
18.992630;9.239889
18.962145;9.234452
18.932949;9.232056
18.906887;9.235097
18.881124;9.239457
18.851114;9.237366
18.817963;9.231690
18.790915;9.235508
18.753283;9.225103
18.727104;9.231447
18.691835;9.226213
18.664282;9.231805
18.621218;9.218156
18.593357;9.224731
18.561516;9.227191
18.518852;9.216934
18.485958;9.219763
18.452269;9.214420
18.412582;9.210650
18.371765;9.206977
18.330822;9.203852
18.294935;9.207396
18.259607;9.212248
18.228397;9.221931
18.159340;9.194992
17.895079;9.118875
17.850430;9.114999
17.794533;9.110786
17.740412;9.117517
17.697273;9.117947
17.635735;9.112971
17.565100;9.102414
19.793949;10.839800
19.795284;10.841341
17.510622;9.105962
19.789715;10.840387
17.475349;9.124589
20.000000;11.000000
20.000000;11.000000
17.261835;9.110190
20.000000;11.000000
20.000000;11.000000
16.989567;9.170020
16.888517;9.157683
16.792162;9.150140
16.701157;9.148319
16.591257;9.138300
16.503654;9.142785
19.791920;10.897403
19.795820;10.900805
19.757992;10.904963
19.767969;10.909652
19.767681;10.919105
19.766436;10.919648
20.000000;11.000000
20.000000;11.000000
19.765430;10.925886
19.762142;10.926350
20.000000;11.000000
19.752211;10.924626
19.767008;10.930979
19.762053;10.930105
20.000000;11.000000
20.000000;11.000000
20.000000;11.000000
20.000000;11.000000
19.766251;10.941330
20.000000;11.000000
19.762754;10.942985
19.757727;10.942513
19.764252;10.945349
20.000000;11.000000
19.747072;10.944246
20.000000;11.000000
20.000000;11.000000
18.688604;10.766619
18.687960;10.782175
18.688486;10.797867
18.690771;10.816686
18.688116;10.828865
18.690191;10.844566
18.688475;10.859771
18.699879;10.876227
18.701294;10.894306
18.685396;10.905437
18.687220;10.923642
18.687565;10.935903
18.685915;10.950969
20.000000;11.000000
18.679440;10.965935
18.683001;10.999243
18.683079;11.014394
18.679270;11.026721
18.681664;11.041850
18.683361;11.059875
18.681141;11.075189
18.682095;11.090357
18.681993;11.102687
18.682266;11.117932
18.676746;11.133789
20.000000;11.000000
18.677380;11.149116
20.000000;11.000000
18.642754;11.200664
18.670826;11.212167
18.670399;11.227951
18.672125;11.243413
18.673052;11.259057
18.672203;11.275117
18.666664;11.292302
18.670115;11.307622
18.667913;11.324321
18.667856;11.340615
18.667999;11.356954
18.671232;11.372524
20.000000;11.000000
18.684242;11.385258
18.641083;11.432224
18.663277;11.442305
18.664671;11.458954
18.662550;11.477101
18.663485;11.494319
18.660854;11.512881
18.659458;11.531329
18.661959;11.548233
18.656107;11.565434
18.654503;11.584572
18.656261;11.605841
18.656567;11.620956
18.653027;11.641660
18.647032;11.663720
18.651251;11.681173
18.648596;11.702308
18.648827;11.722051
18.646778;11.743454
18.653679;11.759956
18.659124;11.777530
18.654488;11.801218
18.642462;11.829682
18.642860;11.851219
18.643337;11.868786
18.643690;11.895015
18.645884;11.916292
18.640902;11.942638
18.642963;11.964715
18.637514;11.987989
18.640238;12.010288
18.634760;12.064180
18.636150;12.088551
18.634052;12.116191
19.634373;11.301650
18.633945;12.142739
20.000000;11.000000
18.612467;12.216050
18.628038;12.230597
18.627113;12.254902
18.632877;12.278811
18.629633;12.317533
18.623369;12.348413
20.000000;11.000000
18.623343;12.411949
18.623123;12.445069
18.622803;12.479111
18.620394;12.516307
18.646568;12.522363
18.586945;12.627052
18.599287;12.650826
19.703793;11.389079
19.719624;11.377213
20.000000;11.000000
19.735001;11.368635
19.740408;11.370022
19.742161;11.374891
19.747324;11.378391
19.722324;11.428973
19.728880;11.429602
19.736361;11.430719
19.742435;11.429722
19.749857;11.430618
19.754902;11.431211
19.756006;11.441003
19.757303;11.450825
19.754986;11.465450
20.000000;11.000000
19.755390;11.478054
20.000000;11.000000
19.755119;11.492476
20.000000;11.000000
19.754904;11.504627
20.000000;11.000000
20.000000;11.000000
20.000000;11.000000
20.000000;11.000000
20.000000;11.000000
20.000000;11.000000
18.459137;14.900689
18.501261;14.925632
18.525116;15.001867
18.501909;15.213610
18.487278;15.415038
18.486803;15.587896
18.470764;15.822335
18.453718;16.079872
18.448101;16.317154
18.429806;16.571985
18.406605;16.914112
20.000000;11.000000
20.000000;11.000000
20.000000;11.000000
20.000000;11.000000
20.000000;11.000000
20.000000;11.000000
20.000000;11.000000
20.000000;11.000000
20.000000;11.000000
20.000000;11.000000
20.000000;11.000000
20.000000;11.000000
18.880388;21.025679
18.995804;21.037895
19.108887;21.076675
19.232077;20.992537
19.342787;21.066568
19.464653;20.961626
19.578491;20.986109
19.693129;20.999292
19.808441;21.039173
19.924162;21.012712
