20.000000;11.000000
20.000000;11.000000
20.000000;11.000000
20.000000;11.000000
20.000000;11.000000
20.000000;11.000000
20.000000;11.000000
20.000000;11.000000
20.000000;11.000000
20.000000;11.000000
20.000000;11.000000
20.000000;11.000000
20.000000;11.000000
20.000000;11.000000
20.000000;11.000000
20.000000;11.000000
20.000000;11.000000
20.000000;11.000000
21.678459;18.781027
21.656597;18.272715
21.744822;18.272623
20.000000;11.000000
20.000000;11.000000
20.000000;11.000000
20.000000;11.000000
20.000000;11.000000
21.754051;16.536802
21.773819;16.383287
21.771683;16.174080
21.764799;15.966783
21.786913;15.851375
20.218317;11.508081
20.218744;11.490429
20.219149;11.473769
20.216581;11.459517
20.218189;11.442088
20.223686;11.442697
20.231125;11.442247
20.236170;11.441842
20.242229;11.443114
20.250195;11.440967
20.224886;11.383994
20.236334;11.391146
20.000000;11.000000
20.236076;11.380753
20.000000;11.000000
20.242889;11.380008
20.000000;11.000000
20.247541;11.379384
20.000000;11.000000
20.254114;11.379835
20.000000;11.000000
20.304905;11.408819
21.670502;13.217115
21.711170;13.217543
20.322338;11.415661
21.774595;13.255596
21.772223;13.189685
20.296280;11.364854
21.846638;13.228266
20.000000;11.000000
21.902170;13.199594
21.896862;13.143119
21.888023;13.083917
21.898211;13.037896
21.944494;13.039623
21.995066;13.045034
22.034636;13.046766
22.076073;13.040550
22.129896;13.045422
22.173172;13.039050
22.217319;13.032624
20.000000;11.000000
22.220039;12.942659
22.232178;12.899512
22.238411;12.868842
22.242115;12.828216
22.252863;12.786122
22.237846;12.732322
22.249815;12.700216
22.238806;12.651445
22.243860;12.615646
22.244452;12.576860
22.246920;12.539976
22.248693;12.503465
22.248390;12.465809
22.261024;12.436946
22.240852;12.388193
22.256804;12.362105
22.255085;12.325914
22.252956;12.289729
22.270388;12.264967
22.260176;12.225417
22.260971;12.192120
22.265747;12.161250
22.266426;12.128865
22.255062;12.090741
21.945417;11.908274
21.954000;11.884819
21.961304;11.861074
21.961039;11.833961
21.961334;11.807348
21.957485;11.779551
21.959864;11.754276
21.961851;11.729240
21.967354;11.705420
21.969734;11.680591
21.977434;11.657885
21.972549;11.630941
21.964441;11.603319
21.971252;11.580679
21.971119;11.555872
21.973522;11.532117
21.977625;11.508689
21.981449;11.485238
21.983049;11.461313
21.984320;11.437607
21.988283;11.414354
21.989031;11.390491
21.992409;11.367401
21.985697;11.342394
21.981636;11.318069
21.980219;11.294514
21.993410;11.272879
21.983541;11.248122
21.986286;11.225096
21.988745;11.202229
20.000000;11.000000
21.988964;11.178967
22.003962;11.110393
21.999113;11.086878
21.999987;11.063682
22.000587;11.040668
21.995924;11.017414
22.001991;10.994242
22.010792;10.971081
22.004324;10.947912
20.265902;10.992758
22.010580;10.924401
20.000000;11.000000
21.966619;10.903197
20.000000;11.000000
20.000000;11.000000
20.000000;11.000000
20.260422;10.945807
20.244974;10.945334
20.246841;10.944520
20.244324;10.942496
20.000000;11.000000
20.242558;10.935447
20.000000;11.000000
20.247372;10.930316
20.255993;10.927728
20.243271;10.930513
20.000000;11.000000
20.000000;11.000000
20.000000;11.000000
20.243460;10.924154
20.242908;10.922406
20.000000;11.000000
20.244612;10.917967
20.000000;11.000000
20.242409;10.917696
20.000000;11.000000
20.253387;10.909693
20.000000;11.000000
20.243063;10.910551
20.000000;11.000000
20.000000;11.000000
20.000000;11.000000
20.000000;11.000000
23.543636;9.449495
23.473459;9.431945
23.342047;9.435766
23.244411;9.435328
23.173351;9.424345
23.088966;9.421315
23.018375;9.413335
22.926752;9.417896
22.854158;9.414438
22.779991;9.413162
22.721712;9.404285
22.650053;9.405050
22.571821;9.411205
22.527187;9.398318
22.462294;9.391711
22.413561;9.383290
22.361115;9.386079
22.286430;9.390697
22.248142;9.378323
22.190735;9.381093
22.141510;9.378725
22.080832;9.386670
22.043964;9.376944
22.000326;9.373722
21.939825;9.385176
21.907417;9.374640
21.862059;9.375630
21.832060;9.364305
21.787125;9.366775
21.749228;9.364081
21.712795;9.360496
21.676674;9.357693
21.641973;9.353929
21.597662;9.353819
21.573158;9.348294
21.523859;9.355489
21.497297;9.346076
21.462269;9.346936
21.429264;9.345974
21.390629;9.352430
21.365698;9.343354
21.338396;9.337877
21.307281;9.337399
21.277554;9.335831
21.245569;9.337927
21.214397;9.339732
21.187662;9.336452
21.165426;9.326888
21.136948;9.326715
21.103651;9.334479
21.078829;9.330188
21.051552;9.330579
21.023222;9.332981
21.000736;9.326373
20.976725;9.322654
20.950790;9.322745
20.920971;9.322141
20.897676;9.318627
20.870279;9.323416
20.852226;9.319772
20.825605;9.324351
20.800407;9.317705
20.783304;9.312981
20.754219;9.315105
20.729847;9.317478
20.706955;9.317491
20.685131;9.314960
20.665537;9.307126
20.640528;9.313542
20.619200;9.310920
20.596727;9.312393
20.578722;9.300852
20.555710;9.304759
20.532400;9.309872
20.512920;9.303859
20.491541;9.303785
20.470123;9.304988
20.450335;9.300658
20.429857;9.298457
20.408150;9.302375
20.386871;9.304579
20.366707;9.303173
20.347397;9.297073
20.326651;9.299082
20.306366;9.298360
20.285940;9.299878
20.266361;9.296701
20.246872;9.291746
20.226675;9.292984
20.206978;9.289477
20.187286;9.287209
20.167307;9.286147
20.147150;9.289317
20.127518;9.284734
20.107462;9.288370
20.087662;9.289245
20.067968;9.284346
20.048283;9.281678
20.028049;9.299232
20.008530;9.289021
19.988642;9.283037
19.968925;9.285281
19.946808;9.210791
19.926392;9.215517
19.905432;9.211498
19.884668;9.209711
19.863756;9.209175
19.842905;9.209880
19.821529;9.203845
19.800262;9.202061
19.779299;9.203506
19.758778;9.207155
19.736982;9.203148
19.715235;9.199379
19.692688;9.192945
19.670315;9.188761
19.649689;9.193655
19.627548;9.191964
19.606173;9.194452
19.583857;9.192281
19.560793;9.188483
19.540968;9.197533
19.514671;9.182690
19.492815;9.185553
19.470013;9.184789
19.449221;9.177403
19.426311;9.178193
19.405703;9.185863
19.375847;9.180052
19.351934;9.178874
19.328773;9.180885
19.306389;9.173249
19.284687;9.179488
19.256840;9.171233
19.229479;9.165225
19.206036;9.168706
19.182394;9.172564
19.153885;9.165746
19.126223;9.162137
19.098541;9.158839
19.106953;9.228356
19.082485;9.230759
19.062023;9.241521
19.040726;9.250767
19.007902;9.239266
18.977524;9.233584
18.947052;9.228271
18.922403;9.233776
18.894726;9.234425
18.864050;9.231379
18.835527;9.232037
18.807261;9.234062
18.775070;9.230636
18.742474;9.227838
18.709232;9.224628
18.678568;9.226089
18.652788;9.234253
18.613539;9.217785
18.580318;9.226165
18.548714;9.220847
18.510864;9.217079
18.475487;9.224766
18.437141;9.214334
18.398685;9.212322
18.361835;9.213328
18.318810;9.208228
18.282900;9.211983
18.243517;9.212598
18.200918;9.211237
18.082201;9.136582
17.920795;9.106787
17.879316;9.121546
17.828733;9.112481
17.780304;9.115141
17.727211;9.114626
17.675369;9.116345
17.609940;9.108461
19.792791;10.839663
17.560463;9.114914
19.793430;10.842112
17.495033;9.109978
20.000000;11.000000
17.454937;9.125280
17.206827;9.040427
20.000000;11.000000
17.276062;9.135391
20.000000;11.000000
20.000000;11.000000
16.954836;9.163670
16.864756;9.158604
16.769995;9.152595
16.679932;9.151446
20.000000;11.000000
16.568741;9.131551
19.795643;10.898897
20.000000;11.000000
20.000000;11.000000
19.768074;10.909385
19.754469;10.905747
19.766706;10.918865
20.000000;11.000000
19.766737;10.921872
19.765400;10.922723
19.771055;10.924732
20.000000;11.000000
20.000000;11.000000
20.000000;11.000000
19.767776;10.931908
20.000000;11.000000
20.000000;11.000000
19.765579;10.935998
20.000000;11.000000
19.766603;10.939941
20.000000;11.000000
19.756540;10.938942
19.762981;10.942053
20.000000;11.000000
19.746836;10.940774
20.000000;11.000000
18.682129;10.752016
18.687241;10.768583
18.688593;10.784476
18.690153;10.800180
18.690510;10.818568
18.688879;10.830754
18.689005;10.846083
18.687307;10.861300
18.698486;10.880374
18.698416;10.892690
18.687292;10.906964
18.688305;10.922191
20.000000;11.000000
18.686499;10.937239
20.000000;11.000000
18.684864;10.952318
18.681002;10.997598
18.683062;11.012753
18.679295;11.027861
18.682701;11.042955
18.682283;11.058151
18.682041;11.073363
18.680967;11.088529
18.682074;11.103698
18.681362;11.119033
20.000000;11.000000
18.676849;11.134804
20.000000;11.000000
18.678473;11.149890
18.642870;11.201445
18.670950;11.212932
18.670530;11.228716
18.673250;11.243996
18.673176;11.259693
18.672335;11.275754
18.666805;11.292941
18.670263;11.308260
18.668037;11.324832
18.668957;11.340878
18.669102;11.357205
20.000000;11.000000
18.671375;11.373034
18.684353;11.385636
18.641165;11.432485
18.662346;11.439485
18.663769;11.459407
18.664433;11.476430
18.665314;11.493497
18.660854;11.512881
18.659170;11.527877
18.660700;11.545153
18.655998;11.565176
18.656225;11.583518
18.654814;11.602618
18.653664;11.621828
18.656393;11.639424
18.651266;11.661000
18.650925;11.680527
18.650034;11.700738
18.649364;11.720932
18.647226;11.742194
18.654984;11.758200
18.659468;11.776129
18.660826;11.796227
18.647028;11.825645
18.642881;11.845595
18.641747;11.868154
18.641788;11.890301
18.645834;11.914434
18.641310;11.936195
18.642855;11.962834
18.640524;11.983621
18.638273;12.009318
18.622198;12.046214
18.638273;12.058927
18.634899;12.086981
18.632769;12.114619
20.000000;11.000000
18.634167;12.139886
18.600529;12.223668
18.632467;12.223552
18.628933;12.255411
18.633251;12.280674
18.627865;12.315692
18.625961;12.348200
18.621450;12.410100
18.623257;12.441051
18.621502;12.476530
19.689159;11.339085
18.621056;12.511499
20.000000;11.000000
18.641863;12.523531
18.605339;12.638910
19.707247;11.381650
20.000000;11.000000
19.720509;11.376624
19.734211;11.366832
19.741230;11.369377
19.742722;11.372849
19.745911;11.377444
19.722071;11.429999
19.728594;11.430604
19.733278;11.429995
19.742168;11.430728
19.748652;11.431074
19.753662;11.431656
19.757185;11.439369
19.757002;11.449525
20.000000;11.000000
19.756605;11.462913
20.000000;11.000000
19.754520;11.477608
20.000000;11.000000
19.754669;11.491136
20.000000;11.000000
19.755970;11.502922
20.000000;11.000000
20.000000;11.000000
20.000000;11.000000
18.419825;14.724669
20.000000;11.000000
18.448332;14.905014
18.491209;14.928207
18.514591;15.004373
18.507177;15.170897
18.493204;15.366318
18.486149;15.556079
18.475964;15.769420
18.462278;16.010338
18.449142;16.268482
18.444334;16.472168
18.404808;16.867006
20.000000;11.000000
20.000000;11.000000
20.000000;11.000000
20.000000;11.000000
20.000000;11.000000
20.000000;11.000000
18.155235;20.860926
20.000000;11.000000
20.000000;11.000000
20.000000;11.000000
20.000000;11.000000
20.000000;11.000000
20.000000;11.000000
18.890032;21.017694
18.996965;21.114388
19.126566;20.974833
19.236380;21.050032
19.351219;21.086155
19.473730;20.971121
19.585798;21.041460
19.702312;21.045589
19.818573;21.011356
19.933451;21.059780
