20.000000;11.000000
20.000000;11.000000
20.000000;11.000000
20.000000;11.000000
20.000000;11.000000
20.000000;11.000000
20.000000;11.000000
20.000000;11.000000
20.000000;11.000000
20.000000;11.000000
21.706259;18.271496
21.789803;18.251385
20.000000;11.000000
21.481756;16.414923
20.000000;11.000000
20.000000;11.000000
20.000000;11.000000
21.763483;16.446627
21.768616;16.255381
21.774206;16.077974
21.790606;15.941586
20.214947;11.510601
20.215626;11.496172
20.218708;11.484964
20.218513;11.467448
20.217369;11.451388
20.221388;11.441614
20.226398;11.441316
20.233328;11.442220
20.238855;11.442671
20.000000;11.000000
20.245874;11.441102
20.257885;11.452699
20.000000;11.000000
20.237125;11.387154
20.244085;11.380429
20.000000;11.000000
20.249256;11.380653
20.000000;11.000000
20.261978;11.386597
20.000000;11.000000
20.000000;11.000000
20.000000;11.000000
21.643318;13.262106
21.678377;13.201108
20.313251;11.408777
20.000000;11.000000
21.791239;13.239841
20.000000;11.000000
21.858744;13.280447
21.863287;13.232627
21.927172;13.255903
21.897415;13.159964
21.907431;13.121632
21.883160;13.046381
21.914804;13.033317
21.964634;13.038327
22.011726;13.048316
22.060221;13.040954
22.094362;13.036145
21.767735;12.633636
20.000000;11.000000
22.225716;12.926998
20.000000;11.000000
22.238337;12.884495
20.000000;11.000000
22.229553;12.841943
22.242296;12.800968
22.234541;12.752833
22.246786;12.720714
22.243208;12.677384
22.243130;12.637100
22.245525;12.599583
22.244223;12.559729
22.244637;12.522021
22.256304;12.492019
22.248947;12.450246
22.245165;12.411503
22.252861;12.380138
22.249699;12.342854
22.258947;12.313364
22.260977;12.279682
22.265915;12.248279
22.260735;12.211735
22.261337;12.178494
22.264935;12.147430
22.257456;12.110923
22.031317;11.965273
21.942398;11.895774
21.957140;11.875410
21.960739;11.849863
21.957479;11.821830
21.962172;11.797373
21.960121;11.770169
21.959503;11.744018
21.966125;11.720549
21.967684;11.695548
21.968929;11.670608
21.968975;11.645231
21.963867;11.618630
21.968941;11.595417
21.970913;11.571144
21.971571;11.546828
21.975800;11.523598
21.976892;11.499417
21.979589;11.475940
21.983959;11.452911
21.988102;11.429655
21.990955;11.406354
21.991570;11.382668
21.977142;11.356359
21.986073;11.334229
21.986822;11.310895
21.985319;11.287300
21.991467;11.264836
21.985472;11.240634
21.997055;11.218756
21.992472;11.195085
21.990616;11.171614
21.998348;11.102974
21.997410;11.079706
21.996197;11.056664
21.999716;11.033746
22.001970;11.010749
22.008961;10.987480
20.000000;11.000000
20.264961;10.995453
22.003685;10.964458
22.004143;10.941380
21.997341;10.918571
20.000000;11.000000
20.000000;11.000000
20.000000;11.000000
20.000000;11.000000
20.000000;11.000000
20.257029;10.949206
20.245825;10.944551
20.243471;10.943238
20.244158;10.941793
20.000000;11.000000
20.242790;10.936332
20.000000;11.000000
20.256746;10.926718
20.243690;10.924902
20.242563;10.921335
20.242941;10.916162
20.000000;11.000000
20.242516;10.911965
20.000000;11.000000
20.000000;11.000000
20.000000;11.000000
20.000000;11.000000
20.000000;11.000000
20.000000;11.000000
23.540585;9.430161
20.000000;11.000000
23.441019;9.435457
20.000000;11.000000
23.317030;9.436606
20.000000;11.000000
23.231205;9.430993
20.000000;11.000000
23.153904;9.423433
20.000000;11.000000
23.083981;9.413781
20.000000;11.000000
22.998196;9.413656
20.000000;11.000000
22.912983;9.415582
20.000000;11.000000
22.852510;9.405318
22.775007;9.406469
22.708252;9.403093
22.627951;9.409071
22.564455;9.406910
22.514755;9.397397
22.459166;9.392408
22.401466;9.390391
22.348724;9.378639
22.277514;9.388469
22.241011;9.375287
22.174004;9.385386
22.123293;9.384497
22.074591;9.383532
22.037096;9.374739
21.991776;9.372728
21.943773;9.374301
21.902912;9.370906
21.856060;9.373327
21.826057;9.362098
21.780416;9.365372
21.742544;9.362800
21.702688;9.362960
21.663626;9.362957
21.624151;9.357370
21.592638;9.351738
21.566072;9.348457
21.521585;9.350662
21.491127;9.345893
21.450186;9.353611
21.423162;9.345995
21.389240;9.347338
21.362360;9.340608
21.330042;9.341427
21.297766;9.342644
21.272537;9.335767
21.240746;9.338065
21.212549;9.335906
21.184050;9.335106
21.158386;9.330520
21.130693;9.329724
21.103529;9.328404
21.076647;9.327591
21.049732;9.327072
21.021547;9.329609
20.992941;9.325223
20.974653;9.320292
20.943203;9.321908
20.918396;9.320730
20.893848;9.319986
20.867569;9.323137
20.846260;9.316759
20.822035;9.325937
20.797293;9.318439
20.777058;9.311195
20.750896;9.316906
20.729895;9.312051
20.704472;9.317533
20.685070;9.309540
20.660467;9.314805
20.638750;9.312868
20.617924;9.309388
20.593950;9.314594
20.574200;9.308820
20.552990;9.307025
20.529881;9.312224
20.510267;9.306191
20.490192;9.302354
20.468069;9.305457
20.447777;9.303085
20.426111;9.305763
20.406126;9.302918
20.385969;9.300271
20.364334;9.304708
20.345800;9.295728
20.325256;9.295760
20.304571;9.298038
20.284149;9.298564
20.264555;9.295407
20.244905;9.291464
20.224712;9.292725
20.204891;9.290233
20.185101;9.288983
20.165335;9.285955
20.145266;9.288153
20.125471;9.285585
20.105801;9.283257
20.085529;9.289137
20.065945;9.281264
20.046141;9.281619
20.026035;9.292198
20.006401;9.288012
19.986502;9.283053
19.966749;9.283322
19.944485;9.207860
19.924040;9.212613
19.903149;9.210619
19.882372;9.208858
19.861525;9.209346
19.840225;9.203090
19.819563;9.205047
19.797972;9.200304
19.777649;9.205725
19.756580;9.206443
19.734213;9.197491
19.713949;9.204645
19.691795;9.199183
19.668764;9.191076
19.647976;9.195007
19.626017;9.193301
19.604227;9.193853
19.582573;9.194629
19.559292;9.189877
19.538002;9.193130
19.513187;9.184122
19.492060;9.188880
19.468271;9.185297
19.449389;9.183621
19.421204;9.180859
19.404449;9.187327
19.376999;9.175430
19.354044;9.177063
19.326685;9.179525
19.304632;9.172847
19.278173;9.178834
19.254683;9.169951
19.227861;9.164821
19.203436;9.166564
19.180351;9.171288
19.151640;9.164579
19.127569;9.168141
19.105938;9.177487
19.107567;9.232527
19.081591;9.232350
19.060843;9.242151
19.039553;9.251410
19.006552;9.240028
18.980350;9.241193
18.946205;9.229939
18.919653;9.231940
18.894966;9.237814
18.862864;9.232141
18.830868;9.227922
18.806637;9.235692
18.773144;9.230754
18.739548;9.226236
18.706694;9.224002
18.679770;9.230182
18.649612;9.232903
18.608419;9.221780
18.579754;9.227899
18.542164;9.223622
18.506460;9.214244
18.474125;9.225935
18.430670;9.209368
18.397984;9.214294
18.353199;9.206326
18.312643;9.204416
18.281006;9.212415
18.242849;9.214659
18.193869;9.206982
18.071262;9.129188
17.919085;9.117599
17.873072;9.112008
17.817690;9.116066
17.768036;9.109508
17.708958;9.113164
17.664885;9.113406
19.796062;10.838726
17.610968;9.115227
19.792883;10.837916
17.543314;9.107674
17.490356;9.112861
17.417847;9.104825
17.212278;9.051820
17.265882;9.136111
16.994184;9.149063
16.938612;9.163479
16.847576;9.158256
16.741238;9.146499
16.656681;9.139759
16.536228;9.134890
19.795649;10.896647
20.000000;11.000000
19.766422;10.908119
19.767633;10.910520
20.000000;11.000000
19.767374;10.916966
19.767372;10.919996
20.000000;11.000000
19.766197;10.920342
19.763466;10.925466
19.766739;10.931894
19.765249;10.933458
19.765486;10.940276
19.754530;10.938738
20.000000;11.000000
19.764809;10.943001
19.763798;10.942924
19.760843;10.942380
18.688025;10.758592
18.685335;10.773702
18.691685;10.790391
18.690331;10.805729
18.690163;10.821079
18.691788;10.839666
18.689346;10.851852
18.700649;10.868377
18.703205;10.883691
18.687986;10.897654
20.000000;11.000000
18.683893;10.912682
20.000000;11.000000
18.685972;10.927993
20.000000;11.000000
18.684225;10.943198
20.000000;11.000000
18.684658;10.958371
20.000000;11.000000
20.000000;11.000000
20.000000;11.000000
18.684006;11.003911
20.000000;11.000000
18.681139;11.019094
20.000000;11.000000
18.682447;11.034367
20.000000;11.000000
18.681931;11.049560
20.000000;11.000000
18.683733;11.067574
18.680426;11.080054
18.679449;11.095501
18.679638;11.110770
18.679008;11.126143
19.796972;11.019898
18.677578;11.141779
18.672346;11.157809
18.661478;11.190427
18.661800;11.206246
18.670181;11.220646
18.671822;11.236105
18.672661;11.251742
18.673712;11.267519
18.672964;11.283595
18.669487;11.300385
18.666222;11.317292
18.668051;11.333229
20.000000;11.000000
18.671005;11.348784
18.671249;11.365110
18.670769;11.381881
18.699198;11.389969
18.617870;11.428398
18.656208;11.436795
18.664207;11.451394
18.662884;11.469049
18.661789;11.486794
18.662676;11.500749
18.660133;11.519354
18.659962;11.540668
20.000000;11.000000
18.659504;11.555402
18.658978;11.577286
18.653484;11.594708
18.657684;11.611403
18.658958;11.633164
18.650562;11.652703
18.653687;11.670413
18.654367;11.689506
18.648304;11.712530
18.647799;11.732799
18.648455;11.752686
18.662413;11.765205
18.659307;11.787763
18.651335;11.813465
18.646326;11.837873
18.646770;11.859288
18.645098;11.882570
18.643700;11.905875
18.638224;11.928152
18.638334;11.951202
18.645008;11.974452
18.639400;12.002432
18.634489;12.025984
18.640390;12.071365
18.635683;12.100750
18.633898;12.128604
19.623871;11.310920
18.653843;12.138434
18.631224;12.213134
18.631199;12.241566
18.629570;12.272329
18.629963;12.296145
18.625566;12.330602
18.619457;12.399735
18.623991;12.427896
18.618027;12.467790
19.687605;11.336288
18.616724;12.503461
18.621555;12.533537
18.604612;12.626451
19.705605;11.384171
19.731663;11.367451
19.739075;11.367857
19.738291;11.374642
19.743727;11.379589
19.726614;11.430535
19.733206;11.431127
20.000000;11.000000
19.739775;11.431623
19.748238;11.430833
19.753290;11.431443
19.755402;11.437233
19.757101;11.446166
19.755665;11.459022
19.755032;11.473371
19.753578;11.487228
19.755013;11.501343
20.000000;11.000000
18.437115;14.903769
20.000000;11.000000
18.484295;14.915895
18.384457;15.320855
18.511999;15.123750
18.495468;15.324769
18.484962;15.521949
18.481871;15.710402
20.000000;11.000000
18.463991;15.960637
20.000000;11.000000
18.448830;16.221464
18.432878;16.462656
18.421797;17.020586
18.115961;20.939007
20.000000;11.000000
20.000000;11.000000
20.000000;11.000000
20.000000;11.000000
20.000000;11.000000
20.000000;11.000000
20.000000;11.000000
20.000000;11.000000
20.000000;11.000000
