[[2, -35, -21, -19, -4, 48], [1, 0, 0, 0, 0, 0, 0, 0]]
[[1, -22, -24, -23, -6, -1], [0, 1, 0, 0, 0, 0, 0, 0]]
[[20, 2, -24, -25, -22, -8], [0, 0, 1, 0, 0, 0, 0, 0]]
[[-22, -35, -17, -13, 4, 18], [1, 0, 0, 0, 0, 0, 0, 0]]
[[1, -24, -24, -25, -26, -1], [0, 1, 0, 0, 0, 0, 0, 0]]
[[-21, -36, -18, -15, 2, 17], [1, 0, 0, 0, 0, 0, 0, 0]]
[[0, 24, 24, 24, 25, 0], [0, 0, 0, 0, 0, 1, 0, 0]]
[[22, 2, -14, -19, -37, -18], [0, 0, 1, 0, 0, 0, 0, 0]]
[[19, 0, -15, 5, -37, 3], [0, 0, 1, 0, 0, 0, 0, 0]]
[[-21, -17, -18, 15, 3, 18], [1, 0, 0, 0, 0, 0, 0, 0]]
[[-25, 0, 8, 5, 29, 23], [0, 0, 0, 0, 0, 0, 1, 0]]
[[23, 5, -13, -18, -36, -18], [0, 0, 1, 0, 0, 0, 0, 0]]
[[-26, -25, 0, 0, 26, 26], [0, 0, 0, 0, 0, 0, 0, 1]]
[[21, 23, 0, 18, -1, -20], [0, 0, 0, 0, 1, 0, 0, 0]]
[[-25, 2, 19, 19, 17, 17], [0, 0, 0, 0, 0, 0, 1, 0]]
[[9, 27, 1, 0, 14, -26], [0, 0, 0, 1, 0, 0, 0, 0]]
[[0, 24, 24, 20, 24, 0], [0, 0, 0, 0, 0, 1, 0, 0]]
[[-26, -25, 1, 1, 27, 26], [0, 0, 0, 0, 0, 0, 0, 1]]
[[1, -21, -22, -4, -24, -1], [0, 1, 0, 0, 0, 0, 0, 0]]
[[19, 36, 16, 18, -2, -20], [0, 0, 0, 0, 1, 0, 0, 0]]
[[6, 1, 19, 18, -6, 18], [0, 0, 0, 0, 0, 0, 1, 0]]
[[12, 23, 1, 0, -24, -26], [0, 0, 0, 1, 0, 0, 0, 0]]
[[22, 4, -15, -18, -37, -18], [0, 0, 1, 0, 0, 0, 0, 0]]
[[0, 24, 24, 24, 24, 0], [0, 0, 0, 0, 0, 1, 0, 0]]
[[-26, -12, -24, -37, 0, 6], [1, 0, 0, 0, 0, 0, 0, 0]]
[[0, 23, 24, 24, 24, 0], [0, 0, 0, 0, 0, 1, 0, 0]]
[[0, -36, -1, -22, -23, -3], [0, 1, 0, 0, 0, 0, 0, 0]]
[[26, 1, -1, -1, -26, -25], [0, 0, 0, 1, 0, 0, 0, 0]]
[[-1, 23, 23, 24, 25, 1], [0, 0, 0, 0, 0, 1, 0, 0]]
[[0, 23, 23, 24, 24, 0], [0, 0, 0, 0, 0, 1, 0, 0]]
[[1, -24, -14, -24, -24, -1], [0, 1, 0, 0, 0, 0, 0, 0]]
[[26, 26, 0, 0, -21, -19], [0, 0, 0, 1, 0, 0, 0, 0]]
[[0, -20, -16, -24, 31, 1], [0, 1, 0, 0, 0, 0, 0, 0]]
[[-8, 0, 19, 21, 28, 19], [0, 0, 0, 0, 0, 0, 1, 0]]
[[-17, -3, 17, 17, 37, 20], [0, 0, 0, 0, 0, 0, 1, 0]]
[[-26, 0, 5, 5, 31, 25], [0, 0, 0, 0, 0, 0, 1, 0]]
[[0, 21, 21, 21, 21, 0], [0, 0, 0, 0, 0, 1, 0, 0]]
[[23, 21, -1, -1, -23, -22], [0, 0, 0, 1, 0, 0, 0, 0]]
[[0, 24, 24, 24, 25, 1], [0, 0, 0, 0, 0, 1, 0, 0]]
[[24, 26, 0, 0, -24, -24], [0, 0, 0, 1, 0, 0, 0, 0]]
[[-16, 1, 18, 17, 35, 20], [0, 0, 0, 0, 0, 0, 1, 0]]
[[-20, -3, 17, 18, 37, 21], [0, 0, 0, 0, 0, 0, 1, 0]]
[[2, -22, -23, -24, -25, -1], [0, 1, 0, 0, 0, 0, 0, 0]]
[[-18, -34, -20, -17, 0, 14], [1, 0, 0, 0, 0, 0, 0, 0]]
[[26, 36, 16, 18, -1, -20], [0, 0, 0, 0, 1, 0, 0, 0]]
[[18, -1, 0, -19, -36, -26], [0, 0, 1, 0, 0, 0, 0, 0]]
[[-26, -25, 0, 0, 27, 25], [0, 0, 0, 0, 0, 0, 0, 1]]
[[19, 12, 19, 16, -1, -19], [0, 0, 0, 0, 1, 0, 0, 0]]
[[-26, -24, 0, 0, 27, 26], [0, 0, 0, 0, 0, 0, 0, 1]]
[[0, -24, -19, -19, 0, 0], [0, 1, 0, 0, 0, 0, 0, 0]]
[[-26, -1, 17, 22, 34, 17], [0, 0, 0, 0, 0, 0, 1, 0]]
[[16, -1, -3, -17, -18, -1], [0, 0, 1, 0, 0, 0, 0, 0]]
[[26, 26, 0, 0, -26, -26], [0, 0, 0, 1, 0, 0, 0, 0]]
[[9, 28, 16, 22, -2, -19], [0, 0, 0, 0, 1, 0, 0, 0]]
[[19, -1, 18, 19, 37, 19], [0, 0, 0, 0, 0, 0, 1, 0]]
[[-18, -39, -1, 0, 24, 25], [0, 0, 0, 0, 0, 0, 0, 1]]
[[0, 0, 0, 0, 0, 0], [0, 0, 0, 1, 0, 0, 0, 0]]
[[20, 1, -17, -16, -37, -19], [0, 0, 1, 0, 0, 0, 0, 0]]
[[26, 26, 1, 0, -26, -17], [0, 0, 0, 1, 0, 0, 0, 0]]
[[25, 1, -8, -18, -34, -8], [0, 0, 1, 0, 0, 0, 0, 0]]
[[0, 0, 0, 0, 0, 0], [0, 0, 0, 1, 0, 0, 0, 0]]
[[24, 4, -14, -19, -37, -18], [0, 0, 1, 0, 0, 0, 0, 0]]
[[-26, 0, 17, -4, 13, -14], [0, 0, 0, 0, 0, 0, 1, 0]]
[[-13, -25, -1, 0, 24, 24], [0, 0, 0, 0, 0, 0, 0, 1]]
[[0, -26, -24, -11, -25, 0], [0, 1, 0, 0, 0, 0, 0, 0]]
[[-1, 23, 8, 20, -1, 0], [0, 0, 0, 0, 0, 1, 0, 0]]
[[24, 0, 1, 0, -34, -14], [0, 0, 0, 1, 0, 0, 0, 0]]
[[16, 36, 17, 20, 1, -20], [0, 0, 0, 0, 1, 0, 0, 0]]
[[0, 0, 0, 0, 0, 0], [0, 0, 0, 1, 0, 0, 0, 0]]
[[-15, -1, 18, 14, 30, 19], [0, 0, 0, 0, 0, 0, 1, 0]]
[[0, -2, -2, 2, 2, 0], [1, 0, 0, 0, 0, 0, 0, 0]]
[[-20, -27, -19, -15, 1, 0], [1, 0, 0, 0, 0, 0, 0, 0]]
[[-1, 23, 24, 24, 25, 1], [0, 0, 0, 0, 0, 1, 0, 0]]
[[-18, 0, -1, 0, 24, 18], [0, 0, 0, 0, 0, 0, 0, 1]]
[[18, 36, 16, 16, 0, -23], [0, 0, 0, 0, 1, 0, 0, 0]]
[[20, -7, -14, -19, -28, -26], [0, 0, 1, 0, 0, 0, 0, 0]]
[[-26, -27, -1, 0, 24, 25], [0, 0, 0, 0, 0, 0, 0, 1]]
[[-21, -35, -18, -14, 2, 17], [1, 0, 0, 0, 0, 0, 0, 0]]
[[19, 18, 16, 17, -2, -19], [0, 0, 0, 0, 1, 0, 0, 0]]
[[1, -24, -14, -17, -2, 0], [0, 1, 0, 0, 0, 0, 0, 0]]
[[17, 35, 16, 18, -1, -20], [0, 0, 0, 0, 1, 0, 0, 0]]
[[-17, -27, -1, 0, 25, 16], [0, 0, 0, 0, 0, 0, 0, 1]]
[[16, 34, 16, 18, 1, -18], [0, 0, 0, 0, 1, 0, 0, 0]]
[[-1, -36, -17, -15, 3, 18], [1, 0, 0, 0, 0, 0, 0, 0]]
[[1, -23, -24, -24, 0, -1], [0, 1, 0, 0, 0, 0, 0, 0]]
[[22, 3, -9, -18, -35, -19], [0, 0, 1, 0, 0, 0, 0, 0]]
[[-10, -27, -1, 0, -11, 24], [0, 0, 0, 0, 0, 0, 0, 1]]
[[-20, -27, -1, 0, 5, 7], [0, 0, 0, 0, 0, 0, 0, 1]]
[[-6, 36, 14, 18, -1, -20], [0, 0, 0, 0, 1, 0, 0, 0]]
[[-14, -11, 2, -4, -7, 14], [1, 0, 0, 0, 0, 0, 0, 0]]
[[1, -22, -24, -24, -25, -1], [0, 1, 0, 0, 0, 0, 0, 0]]
[[-26, -28, -5, 0, 21, 19], [0, 0, 0, 0, 0, 0, 0, 1]]
[[18, 36, 17, 25, 0, -19], [0, 0, 0, 0, 1, 0, 0, 0]]
[[-20, 3, -20, -24, 0, 15], [1, 0, 0, 0, 0, 0, 0, 0]]
[[20, 0, -17, -19, -37, -17], [0, 0, 1, 0, 0, 0, 0, 0]]
[[1, 7, -24, -21, -25, -1], [0, 1, 0, 0, 0, 0, 0, 0]]
[[-1, 23, 24, 25, -7, 1], [0, 0, 0, 0, 0, 1, 0, 0]]
[[27, 36, 12, 0, -26, -23], [0, 0, 0, 1, 0, 0, 0, 0]]
[[-1, 35, 19, 18, 2, 1], [0, 0, 0, 0, 0, 1, 0, 0]]
[[26, 16, -1, -2, -28, -17], [0, 0, 0, 1, 0, 0, 0, 0]]
[[-19, -19, -17, -1, 3, 18], [1, 0, 0, 0, 0, 0, 0, 0]]
[[-20, -27, 12, 0, 0, 26], [0, 0, 0, 0, 0, 0, 0, 1]]
[[0, -35, -22, -22, -6, 0], [0, 1, 0, 0, 0, 0, 0, 0]]
[[20, 2, -14, -18, -37, -16], [0, 0, 1, 0, 0, 0, 0, 0]]
[[0, 0, -6, 0, 13, 21], [0, 0, 0, 0, 0, 0, 0, 1]]
[[28, 26, 1, 0, -25, -26], [0, 0, 0, 1, 0, 0, 0, 0]]
[[2, -22, -24, -24, -27, -2], [0, 1, 0, 0, 0, 0, 0, 0]]
[[16, 26, 0, 0, -26, -25], [0, 0, 0, 1, 0, 0, 0, 0]]
[[-25, -23, 0, 0, 0, 23], [0, 0, 0, 0, 0, 0, 0, 1]]
[[-24, -1, -1, 15, 36, 19], [0, 0, 0, 0, 0, 0, 1, 0]]
[[17, 28, 17, 24, 1, -16], [0, 0, 0, 0, 1, 0, 0, 0]]
[[0, 26, 24, 24, 22, 0], [0, 0, 0, 0, 0, 1, 0, 0]]
[[-2, -27, -1, 0, 23, 26], [0, 0, 0, 0, 0, 0, 0, 1]]
[[18, 36, 16, 18, -1, -20], [0, 0, 0, 0, 1, 0, 0, 0]]
[[0, -16, -20, -20, -36, 0], [0, 1, 0, 0, 0, 0, 0, 0]]
[[-25, 0, 18, 24, 31, 19], [0, 0, 0, 0, 0, 0, 1, 0]]
[[0, 0, 0, 0, 0, 24], [0, 0, 0, 0, 0, 0, 0, 1]]
[[17, -1, -6, -7, -25, -17], [0, 0, 1, 0, 0, 0, 0, 0]]
[[12, 35, 17, 23, 5, -20], [0, 0, 0, 0, 1, 0, 0, 0]]
[[0, -23, -24, -25, -25, 0], [0, 1, 0, 0, 0, 0, 0, 0]]
[[-23, -22, 0, 1, 23, 22], [0, 0, 0, 0, 0, 0, 0, 1]]
[[26, 27, 0, 0, -25, -26], [0, 0, 0, 1, 0, 0, 0, 0]]
[[20, 2, -16, -18, -37, -26], [0, 0, 1, 0, 0, 0, 0, 0]]
[[26, 25, 0, 0, -26, -28], [0, 0, 0, 1, 0, 0, 0, 0]]
[[-1, 34, 20, 15, 0, 1], [0, 0, 0, 0, 0, 1, 0, 0]]
[[17, -12, 0, 0, -26, -26], [0, 0, 0, 1, 0, 0, 0, 0]]
[[-7, 0, -2, 22, 19, 24], [0, 0, 0, 0, 0, 0, 1, 0]]
[[1, -5, -22, -42, -22, -1], [0, 1, 0, 0, 0, 0, 0, 0]]
[[-23, 27, -12, -12, 8, 21], [1, 0, 0, 0, 0, 0, 0, 0]]
[[2, 27, 23, 24, 20, -4], [0, 0, 0, 0, 0, 1, 0, 0]]
[[-22, -35, -16, -13, 5, 19], [1, 0, 0, 0, 0, 0, 0, 0]]
[[1, -23, -24, -24, -26, -1], [0, 1, 0, 0, 0, 0, 0, 0]]
[[-25, 0, 19, 19, 37, 20], [0, 0, 0, 0, 0, 0, 1, 0]]
[[-18, -21, -20, -17, -1, 15], [1, 0, 0, 0, 0, 0, 0, 0]]
[[-1, 23, 24, 24, 25, 1], [0, 0, 0, 0, 0, 1, 0, 0]]
[[-24, -35, -16, -11, 36, 13], [1, 0, 0, 0, 0, 0, 0, 0]]
[[-39, 0, 21, 19, 37, 20], [0, 0, 0, 0, 0, 0, 1, 0]]
[[26, 26, 0, 0, 7, -16], [0, 0, 0, 1, 0, 0, 0, 0]]
[[21, 2, -13, -18, -37, -25], [0, 0, 1, 0, 0, 0, 0, 0]]
[[-2, 23, 24, 24, 26, 1], [0, 0, 0, 0, 0, 1, 0, 0]]
[[-37, -1, -3, -3, 33, -1], [0, 0, 1, 0, 0, 0, 0, 0]]
[[-38, 0, 16, 24, 31, 18], [0, 0, 0, 0, 0, 0, 1, 0]]
[[23, 27, 0, 0, 6, -24], [0, 0, 0, 1, 0, 0, 0, 0]]
[[-1, 35, 24, 24, 25, 0], [0, 0, 0, 0, 0, 1, 0, 0]]
[[26, -8, 1, 1, -25, -26], [0, 0, 0, 1, 0, 0, 0, 0]]
[[2, -22, -24, -24, -27, -1], [0, 1, 0, 0, 0, 0, 0, 0]]
[[-21, -35, -18, -15, 2, 18], [1, 0, 0, 0, 0, 0, 0, 0]]
[[-1, 2, -21, 1, -36, -9], [0, 0, 1, 0, 0, 0, 0, 0]]
[[-14, -27, 1, 0, 26, 25], [0, 0, 0, 0, 0, 0, 0, 1]]
[[16, 36, 28, 18, 0, -16], [0, 0, 0, 0, 1, 0, 0, 0]]
[[-25, -17, -26, -23, 1, 24], [1, 0, 0, 0, 0, 0, 0, 0]]
[[-26, -27, -1, -1, 25, 26], [0, 0, 0, 0, 0, 0, 0, 1]]
[[18, 30, 18, 10, 1, -18], [0, 0, 0, 0, 1, 0, 0, 0]]
[[1, -23, -17, -18, 2, -1], [0, 1, 0, 0, 0, 0, 0, 0]]
[[-24, 0, 19, 21, 12, 19], [0, 0, 0, 0, 0, 0, 1, 0]]
[[0, -17, -23, -24, -25, 3], [0, 1, 0, 0, 0, 0, 0, 0]]
[[21, 1, -16, -21, -37, -14], [0, 0, 1, 0, 0, 0, 0, 0]]
[[-21, -5, 17, 17, 37, 20], [0, 0, 0, 0, 0, 0, 1, 0]]
[[-3, 1, -17, -18, -30, 4], [0, 0, 1, 0, 0, 0, 0, 0]]
[[-22, -35, -16, -12, 6, 19], [1, 0, 0, 0, 0, 0, 0, 0]]
[[-24, 3, 21, 19, 22, 19], [0, 0, 0, 0, 0, 0, 1, 0]]
[[1, 2, -19, -24, 1, -3], [1, 0, 0, 0, 0, 0, 0, 0]]
[[22, 26, 0, 0, -26, -23], [0, 0, 0, 1, 0, 0, 0, 0]]
[[22, 4, -13, -18, -38, -18], [0, 0, 1, 0, 0, 0, 0, 0]]
[[0, 24, 24, 24, 24, 0], [0, 0, 0, 0, 0, 1, 0, 0]]
[[19, 36, 15, 17, -2, -20], [0, 0, 0, 0, 1, 0, 0, 0]]
[[-25, 0, 19, 18, 37, 19], [0, 0, 0, 0, 0, 0, 1, 0]]
[[0, -26, -24, -16, 0, -1], [0, 1, 0, 0, 0, 0, 0, 0]]
[[-21, -36, -20, -13, 2, 16], [1, 0, 0, 0, 0, 0, 0, 0]]
[[-1, 23, 3, 24, 26, 1], [0, 0, 0, 0, 0, 1, 0, 0]]
[[2, -22, -24, -24, -27, -2], [0, 1, 0, 0, 0, 0, 0, 0]]
[[22, 26, 0, 0, -36, -26], [0, 0, 0, 1, 0, 0, 0, 0]]
[[-24, -34, -15, -12, 11, 20], [1, 0, 0, 0, 0, 0, 0, 0]]
[[-25, -25, -1, 0, 24, 24], [0, 0, 0, 0, 0, 0, 0, 1]]
[[-1, 24, 24, 24, 24, 0], [0, 0, 0, 0, 0, 1, 0, 0]]
[[-2, -36, -18, -15, 3, 18], [1, 0, 0, 0, 0, 0, 0, 0]]
[[-18, 0, -14, 22, 14, -18], [0, 0, 0, 0, 0, 0, 1, 0]]
[[22, 4, -15, -17, -36, -19], [0, 0, 1, 0, 0, 0, 0, 0]]
[[-26, -27, -2, -1, 24, 25], [0, 0, 0, 0, 0, 0, 0, 1]]
[[14, 36, 14, 21, -2, -22], [0, 0, 0, 0, 1, 0, 0, 0]]
[[-26, -1, 0, 1, 26, 23], [0, 0, 0, 0, 0, 0, 0, 1]]
[[16, 35, 15, 20, 0, -20], [0, 0, 0, 0, 1, 0, 0, 0]]
[[0, -6, -21, -16, -6, -1], [0, 1, 0, 0, 0, 0, 0, 0]]
[[-26, -28, -1, -3, 24, 25], [0, 0, 0, 0, 0, 0, 0, 1]]
[[18, 31, 16, -6, -2, -20], [0, 0, 0, 0, 1, 0, 0, 0]]
[[-21, -37, -17, -22, 3, 19], [1, 0, 0, 0, 0, 0, 0, 0]]
[[24, 5, -12, -18, -37, -18], [0, 0, 1, 0, 0, 0, 0, 0]]
[[27, 0, -22, -18, -30, -6], [0, 0, 1, 0, 0, 0, 0, 0]]
[[18, 36, 16, 18, -1, -20], [0, 0, 0, 0, 1, 0, 0, 0]]
[[-26, -25, 0, 0, 27, 25], [0, 0, 0, 0, 0, 0, 0, 1]]
[[18, 14, 11, 18, -1, 3], [0, 0, 0, 0, 1, 0, 0, 0]]
[[-26, -27, -1, 0, 24, 25], [0, 0, 0, 0, 0, 0, 0, 1]]
[[19, 0, -6, -7, -25, -25], [0, 0, 1, 0, 0, 0, 0, 0]]
[[0, 24, 24, 24, 25, 0], [0, 0, 0, 0, 0, 1, 0, 0]]
[[-22, -35, -17, -12, 5, 17], [1, 0, 0, 0, 0, 0, 0, 0]]
[[24, 26, 2, 0, -33, -24], [0, 0, 0, 1, 0, 0, 0, 0]]
[[0, 24, 24, 24, 24, 0], [0, 0, 0, 0, 0, 1, 0, 0]]
[[1, -35, -24, -13, -25, -1], [0, 1, 0, 0, 0, 0, 0, 0]]
[[19, 17, 0, 0, -26, -24], [0, 0, 0, 1, 0, 0, 0, 0]]
