22.009668;21.214962
22.023762;21.214767
22.037851;21.214411
22.051907;21.215893
22.065899;21.213211
22.080297;21.217354
22.094492;21.217339
22.109051;21.221140
22.122892;21.217815
22.137011;21.216307
22.151730;21.219599
22.166271;21.220728
22.180569;21.219707
22.194746;21.218536
22.209375;21.219152
22.224047;21.219591
22.238756;21.219854
22.253502;21.219940
22.268164;21.219873
22.284105;21.224472
22.299002;21.224009
22.314423;21.225302
22.326952;21.226158
22.341961;21.225172
22.360136;21.225166
22.373959;21.229382
22.392416;21.228865
22.405823;21.230822
22.424408;21.229828
22.441006;21.231413
22.455324;21.234720
22.474257;21.241501
22.217491;20.510611
22.217915;20.489704
22.216278;20.473988
22.217394;20.456919
22.215546;20.442272
22.224407;20.442331
22.228960;20.443373
22.236471;20.442816
22.241581;20.442329
22.249630;20.442436
22.224644;20.381817
22.233580;20.390469
22.235329;20.377684
22.000000;20.000000
22.242123;20.380495
22.247322;20.380720
22.000000;20.000000
22.000000;20.000000
22.253111;20.378101
22.000000;20.000000
22.000000;20.000000
22.000000;20.000000
22.000000;20.000000
22.951334;21.243914
22.989134;21.262709
22.992451;21.237108
22.296831;20.368267
23.035299;21.260284
22.000000;20.000000
23.089640;21.270811
23.110245;21.264851
23.137543;21.266018
23.162306;21.263777
23.196081;21.270597
23.226698;21.273199
23.251215;21.268852
23.282188;21.270441
23.314800;21.272871
23.343283;21.270588
23.375557;21.271210
23.411266;21.279591
23.446676;21.275997
23.480320;21.275448
23.513744;21.279415
23.553932;21.282778
23.581944;21.275333
23.620991;21.276072
23.665020;21.279730
23.710949;21.283735
23.760418;21.289206
23.806171;21.290792
23.857937;21.295492
23.914183;21.301971
23.951656;21.294603
24.008299;21.304899
24.070610;21.311478
24.113766;21.304703
24.181892;21.312044
24.245289;21.314945
24.302090;21.312586
24.370501;21.315390
24.433998;21.313929
24.491703;21.307676
26.280388;22.207291
26.327162;22.168240
26.542650;22.210665
26.383732;22.070265
26.349268;21.992617
26.353813;21.933910
26.315331;21.857182
25.467457;21.435879
22.000000;20.000000
25.851345;21.449263
22.000000;20.000000
25.867899;21.404488
25.929235;21.375381
26.117392;21.387842
26.300636;21.394262
26.457960;21.387857
26.724804;21.411022
26.928335;21.409746
27.227940;21.430052
27.512873;21.452461
22.000000;20.000000
22.000000;20.000000
22.000000;20.000000
22.000000;20.000000
22.000000;20.000000
22.000000;20.000000
32.501095;21.744427
22.000000;20.000000
32.377319;21.600391
32.446667;21.487230
22.000000;20.000000
22.000000;20.000000
22.000000;20.000000
22.000000;20.000000
32.570549;20.513203
22.000000;20.000000
32.533821;20.388994
32.644012;20.144917
22.000000;20.000000
32.655979;20.021454
22.264996;19.998375
32.613514;19.898241
32.209709;19.783644
22.267855;19.991163
22.000000;20.000000
22.000000;20.000000
22.000000;20.000000
26.831911;19.605360
22.000000;20.000000
26.488480;19.580940
22.000000;20.000000
22.000000;20.000000
22.253153;19.950224
22.244896;19.944983
22.243757;19.944477
22.244068;19.941420
22.000000;20.000000
22.242943;19.933044
22.000000;20.000000
22.000000;20.000000
22.244408;19.927265
22.247175;19.926054
22.000000;20.000000
22.243380;19.923899
22.000000;20.000000
22.000000;20.000000
22.243858;19.918869
22.244390;19.917311
22.000000;20.000000
22.000000;20.000000
22.000000;20.000000
22.000000;20.000000
22.000000;20.000000
22.000000;20.000000
23.304228;19.453754
23.260120;19.454817
23.221752;19.454506
23.187183;19.453335
23.148840;19.451643
23.119329;19.452625
23.087576;19.449419
23.055067;19.447449
23.025696;19.447575
22.995596;19.448792
22.973490;19.446180
22.950542;19.444420
22.920883;19.447325
22.899561;19.443085
22.875315;19.443949
22.854897;19.445461
22.833857;19.442604
22.814137;19.442013
22.795336;19.441229
22.772963;19.440853
22.756409;19.441927
22.738279;19.439400
22.720728;19.439537
22.702444;19.440557
22.684599;19.439152
22.669619;19.438318
22.653194;19.439056
22.639133;19.438120
22.621725;19.438128
22.608559;19.437063
22.594727;19.436918
22.581692;19.436319
22.568012;19.436651
22.555122;19.436512
22.543001;19.435873
22.530939;19.435440
22.519672;19.434523
22.505819;19.434113
22.495205;19.435400
22.483469;19.433182
22.470545;19.432764
22.461353;19.432978
22.449814;19.431412
22.439520;19.430981
22.428675;19.431509
22.418495;19.431408
22.408955;19.430651
22.400133;19.431740
22.388863;19.431223
22.380074;19.430115
22.369453;19.429119
22.360085;19.429068
22.352547;19.429079
22.342808;19.430168
22.331131;19.429079
22.322956;19.427856
22.316063;19.427444
22.305773;19.427546
22.297213;19.427557
22.288750;19.427719
22.281157;19.426178
22.272333;19.427469
22.265200;19.425232
22.256824;19.425821
22.247686;19.425085
22.242325;19.426060
22.232355;19.424109
22.225418;19.425652
22.217115;19.423531
22.209333;19.423851
22.201588;19.424273
22.194258;19.423868
22.188160;19.423952
22.180809;19.423698
22.172550;19.422215
22.166782;19.421564
22.157990;19.422211
22.150715;19.422338
22.143763;19.421598
22.135254;19.421604
22.128534;19.420073
22.124096;19.420130
22.114353;19.420168
22.107492;19.419874
22.101982;19.418880
22.094967;19.419720
22.088228;19.418657
22.080059;19.418486
22.073183;19.418587
22.067717;19.417925
22.060856;19.418175
22.052727;19.418385
22.047260;19.417915
22.040573;19.416409
22.032513;19.416906
22.025703;19.417566
22.020264;19.416351
22.013470;19.417156
22.006706;19.417038
21.999945;19.416000
21.991896;19.417057
21.985165;19.416189
21.978355;19.415401
21.971575;19.415691
21.966028;19.414986
21.957956;19.415510
21.951096;19.415041
21.944313;19.415648
21.937325;19.414345
21.930534;19.415112
21.924788;19.413805
21.919147;19.413548
21.909672;19.413919
21.904009;19.413807
21.896868;19.412991
21.889826;19.413254
21.882633;19.412611
21.876711;19.411781
21.869461;19.411299
21.862358;19.411892
21.853527;19.410938
21.847498;19.410404
21.840408;19.411247
21.832987;19.411230
21.825315;19.410330
21.816299;19.409933
21.810457;19.410734
21.802626;19.410147
21.793840;19.411039
21.786961;19.409239
21.779421;19.409878
21.773111;19.410131
21.762201;19.410130
21.755138;19.408693
21.747116;19.408815
21.740713;19.409410
21.730511;19.408497
21.723696;19.408337
21.714626;19.407104
21.705992;19.406870
21.698622;19.406092
21.688591;19.406767
21.680248;19.407810
21.671316;19.404713
21.660652;19.404964
21.653006;19.404757
21.644070;19.405390
21.632273;19.404369
21.623970;19.403656
21.615505;19.405502
21.604765;19.404169
21.594505;19.403833
21.583612;19.402836
21.573225;19.402824
21.563509;19.401203
21.554323;19.400517
21.541836;19.401167
21.529985;19.400225
21.519377;19.398417
21.508631;19.399389
21.495275;19.397465
21.483763;19.398046
21.472208;19.396147
21.459236;19.395603
21.446184;19.395279
21.431776;19.396376
21.418568;19.396526
21.405216;19.394167
21.391850;19.394758
21.377701;19.394882
22.000000;20.000000
21.362022;19.393877
21.297377;19.389196
21.281952;19.390268
21.264210;19.389631
21.245523;19.388765
21.227289;19.385927
21.795691;19.839195
21.206785;19.384510
21.790771;19.840651
21.191729;19.387714
21.184679;19.397133
22.000000;20.000000
21.106077;19.367603
21.099623;19.378584
21.076714;19.378460
22.000000;20.000000
22.000000;20.000000
17.792105;17.408285
17.829206;17.497404
17.830675;17.563616
17.846151;17.636869
17.839140;17.696356
17.838228;17.758530
21.799774;19.901823
21.791904;19.902040
21.766838;19.907068
21.762049;19.905581
21.768379;19.911367
21.767984;19.921299
21.764915;19.921011
21.765305;19.923016
21.766239;19.923372
22.000000;20.000000
21.761564;19.924841
22.000000;20.000000
22.000000;20.000000
21.768383;19.933409
22.000000;20.000000
22.000000;20.000000
21.765097;19.937798
22.000000;20.000000
21.765577;19.939917
22.000000;20.000000
21.763924;19.942404
21.759876;19.942123
22.000000;20.000000
22.000000;20.000000
21.751793;19.946060
22.000000;20.000000
22.000000;20.000000
22.000000;20.000000
22.000000;20.000000
22.000000;20.000000
22.000000;20.000000
22.000000;20.000000
22.000000;20.000000
13.967122;19.083435
22.000000;20.000000
12.654835;19.043383
12.487011;19.137590
12.485622;19.248632
12.486526;19.359659
12.445790;19.468172
12.474231;19.580538
12.373084;19.799686
12.354408;19.911221
12.465028;20.022854
12.465934;20.133463
12.434135;20.244923
12.394650;20.357475
12.442391;20.466780
12.465364;20.575680
12.514509;20.682322
12.455222;20.797062
21.796822;20.018282
12.557693;20.898918
12.468230;21.018217
22.000000;20.000000
22.000000;20.000000
22.000000;20.000000
22.000000;20.000000
22.000000;20.000000
16.379967;21.009617
16.693569;21.016960
17.010368;21.015894
17.213005;21.032131
17.399731;21.047398
17.607643;21.053799
17.620058;21.104261
22.000000;20.000000
22.000000;20.000000
22.000000;20.000000
22.000000;20.000000
22.000000;20.000000
22.000000;20.000000
18.625353;21.155529
18.740637;21.158117
19.013166;21.100145
19.137207;21.092022
19.221687;21.096882
19.307632;21.098919
19.356390;21.114670
19.402149;21.137569
19.388067;21.179731
19.371107;21.224304
19.408026;21.243902
19.431595;21.269455
19.419544;21.305721
19.417124;21.344805
19.418795;21.382231
19.426611;21.423780
19.419828;21.466881
19.418161;21.500101
19.421139;21.538662
19.411020;21.585711
19.410807;21.627096
19.407164;21.671652
19.402540;21.717613
19.399466;21.763344
19.390535;21.813942
20.301474;21.221258
20.341518;21.221899
22.000000;20.000000
20.453127;21.224709
20.483749;21.229345
21.622150;20.311977
20.530701;21.225042
20.577715;21.214087
20.550709;21.260870
20.623405;21.231421
20.653273;21.233126
20.752924;21.168539
20.793661;21.162056
20.807222;21.175972
20.858364;21.178791
20.890673;21.172344
20.911022;21.177687
21.684448;20.342903
20.940176;21.173172
22.000000;20.000000
20.983236;21.179169
21.001379;21.185434
22.000000;20.000000
21.719139;20.375603
21.734528;20.367062
22.000000;20.000000
21.740734;20.369030
21.742826;20.371706
21.745716;20.378517
21.722525;20.430292
21.727768;20.428898
21.737104;20.431173
21.741241;20.431337
21.750641;20.431074
21.756149;20.433065
21.756365;20.440058
21.756226;20.452515
21.754896;20.465403
21.754797;20.478874
22.000000;20.000000
21.752598;20.494572
22.000000;20.000000
21.754370;20.505480
22.000000;20.000000
22.000000;20.000000
21.464890;21.195724
21.482376;21.193594
21.498466;21.193939
21.517618;21.194258
21.531307;21.192177
21.548868;21.195728
21.560698;21.197994
21.576958;21.196409
21.595963;21.194519
21.610466;21.197224
21.622332;21.198923
21.636440;21.202230
21.655443;21.198452
21.669369;21.202370
21.685001;21.199324
21.696283;21.202230
21.711418;21.200811
21.728350;21.202703
21.742947;21.202839
21.756802;21.205717
21.772295;21.200598
21.785948;21.204123
21.800259;21.204552
21.814281;21.205782
21.828985;21.202904
21.841318;21.205603
21.855673;21.204384
21.869431;21.206959
21.883535;21.207396
21.897604;21.206663
21.911535;21.208767
21.925386;21.210703
21.939486;21.210489
21.953493;21.212109
21.967531;21.213566
21.981495;21.213860
21.995584;21.211992
