22.296888;21.223494
22.314499;21.222185
22.330738;21.226177
22.343861;21.228794
22.361359;21.225849
22.377729;21.228230
22.393171;21.227573
22.406885;21.230471
22.422874;21.230356
22.441172;21.228167
22.456509;21.234283
22.476877;21.244780
22.217636;20.509460
22.218384;20.489494
22.217403;20.472372
22.216869;20.457169
22.218401;20.441984
22.224421;20.441204
22.229469;20.443108
22.236980;20.442543
22.242569;20.442928
22.250137;20.442148
22.225628;20.382399
22.234888;20.389683
22.233334;20.378920
22.242830;20.382416
22.247252;20.379574
22.000000;20.000000
22.253304;20.379175
22.000000;20.000000
22.000000;20.000000
22.000000;20.000000
22.919197;21.257950
22.000000;20.000000
22.000000;20.000000
22.946426;21.233816
22.989712;21.259712
23.007393;21.252041
22.298582;20.369423
23.038383;21.260338
23.090162;21.267727
23.118820;21.265291
22.000000;20.000000
23.144169;21.269472
23.166277;21.264198
23.198715;21.269487
23.232819;21.275631
23.256094;21.269655
23.287104;21.271160
23.318314;21.272114
23.346079;21.269083
23.383757;21.280018
23.418394;21.276175
23.449062;21.279339
23.493141;21.282011
23.520538;21.280666
23.562323;21.285175
23.583363;21.271976
23.628820;21.277437
23.681641;21.287638
23.734110;21.296183
23.769226;21.290712
23.820864;21.296024
23.866167;21.295919
23.920815;21.301104
23.966406;21.304932
24.015961;21.304111
24.079294;21.310841
24.123455;21.304226
24.190054;21.310101
24.261396;21.317110
24.330584;21.321144
24.387907;21.316977
24.461309;21.320152
24.538652;21.323637
26.276718;22.190367
26.350391;22.164248
26.513182;22.179758
26.364511;22.045345
26.359003;21.980919
26.338861;21.910854
25.484316;21.486097
25.458378;21.418543
25.580351;21.429026
25.863960;21.438383
25.880520;21.393089
25.983496;21.377678
26.178665;21.390673
26.361326;21.395016
26.560890;21.400261
22.000000;20.000000
26.771698;21.404125
27.076565;21.429533
27.324699;21.432404
27.619768;21.454725
27.929628;21.461151
32.446724;21.813711
32.477921;21.694157
22.000000;20.000000
32.548294;21.580198
22.000000;20.000000
32.503506;21.449116
22.000000;20.000000
22.000000;20.000000
22.000000;20.000000
32.673710;20.720491
32.639416;20.594280
32.634605;20.470333
22.000000;20.000000
32.577377;20.344913
22.000000;20.000000
32.559673;20.221746
22.000000;20.000000
32.571533;20.099329
32.530975;19.976778
22.264978;19.996672
32.509998;19.854891
22.267973;19.996223
31.349981;19.762398
26.732601;19.593824
26.338417;19.576902
22.000000;20.000000
22.000000;20.000000
22.000000;20.000000
22.000000;20.000000
22.247822;19.949074
22.245260;19.946627
22.244085;19.941490
22.248600;19.934834
22.241690;19.936075
22.244495;19.934956
22.248522;19.927076
22.000000;20.000000
22.243452;19.924131
22.243507;19.921003
22.245939;19.915655
22.242233;19.914139
22.249403;19.907513
22.000000;20.000000
22.000000;20.000000
22.000000;20.000000
23.284523;19.455917
22.000000;20.000000
23.245142;19.455479
22.000000;20.000000
23.211344;19.453293
22.000000;20.000000
23.173792;19.450611
22.000000;20.000000
23.137615;19.451366
22.000000;20.000000
23.106098;19.450661
22.000000;20.000000
23.077391;19.449245
22.000000;20.000000
23.049686;19.447956
22.000000;20.000000
23.016825;19.450087
22.989058;19.447321
22.965534;19.448376
22.939737;19.445766
22.912401;19.444891
22.890955;19.446285
22.867281;19.444372
22.847406;19.443134
22.826792;19.442842
22.807932;19.441814
22.788345;19.441727
22.768442;19.439734
22.751476;19.438637
22.733000;19.439074
22.713402;19.438286
22.697174;19.440372
22.680130;19.438440
22.665642;19.439802
22.648069;19.439236
22.634035;19.438387
22.618828;19.436420
22.605442;19.438114
22.591633;19.438015
22.575947;19.437586
22.565676;19.437138
22.550861;19.436531
22.539452;19.435242
22.524797;19.435173
22.515425;19.434702
22.503511;19.434734
22.490421;19.433884
22.481195;19.433872
22.468237;19.433451
22.456667;19.431761
22.445724;19.432009
22.435455;19.431639
22.424585;19.432190
22.416275;19.432259
22.405499;19.430639
22.396013;19.430079
22.385311;19.428812
22.377171;19.429388
22.367275;19.430094
22.358458;19.429224
22.348158;19.431076
22.339998;19.429651
22.329592;19.429342
22.319729;19.428337
22.311165;19.428181
22.302639;19.428144
22.295874;19.427990
22.286161;19.427538
22.279398;19.427544
22.270191;19.426456
22.263954;19.425760
22.254381;19.425827
22.245646;19.424210
22.238689;19.425621
22.231264;19.424747
22.222582;19.423475
22.216045;19.424196
22.207060;19.424091
22.200039;19.422674
22.192379;19.423237
22.186337;19.423359
22.177769;19.422752
22.170776;19.421688
22.163458;19.421656
22.155254;19.420435
22.147778;19.421579
22.142155;19.421202
22.134975;19.421539
22.126820;19.420719
22.120960;19.421511
22.114050;19.421127
22.107327;19.419844
22.100304;19.420618
22.093576;19.419493
22.086742;19.419445
22.078587;19.419292
22.073126;19.418581
22.066319;19.418772
22.060856;19.418175
22.052727;19.418385
22.046032;19.417816
22.039276;19.417322
22.032570;19.416908
22.024475;19.417515
22.019001;19.417309
22.012297;19.417130
22.005533;19.417027
21.998768;19.416000
21.990746;19.415073
21.983990;19.416220
21.978523;19.415394
21.970455;19.415747
21.963673;19.415127
21.958179;19.415495
21.950029;19.415131
21.944443;19.414631
21.936207;19.413460
21.930815;19.415077
21.923832;19.413929
21.918192;19.413679
21.911245;19.413679
21.901760;19.414181
21.895912;19.413160
21.887688;19.413660
21.881790;19.412781
21.876070;19.412939
21.866077;19.412060
21.860329;19.412371
21.852793;19.411119
21.846821;19.410580
21.839731;19.411430
21.832092;19.410444
21.824751;19.410498
21.815735;19.410110
21.810886;19.409546
21.802174;19.410297
21.795662;19.409348
21.786564;19.409382
21.779978;19.408602
21.771111;19.409832
21.763220;19.409719
21.756161;19.408272
21.746834;19.408937
21.738836;19.409145
21.731646;19.407982
21.722279;19.409000
21.714569;19.407131
21.705490;19.406002
21.698565;19.406120
21.688591;19.406767
21.679831;19.406900
21.670061;19.405407
21.662516;19.405054
21.651865;19.405422
21.644239;19.405287
21.633701;19.403488
21.625458;19.402721
21.614365;19.406240
21.604383;19.403223
21.594677;19.403717
21.583841;19.402676
21.574192;19.400908
21.562420;19.402000
21.552633;19.400528
21.542065;19.400991
21.530273;19.400000
21.519665;19.398188
21.508287;19.398380
21.494295;19.398287
21.484110;19.397749
21.471224;19.397007
21.458921;19.397228
21.445932;19.396866
21.433456;19.394798
21.418915;19.396193
21.405565;19.393824
21.392199;19.394409
21.377390;19.393766
21.361706;19.392759
21.345915;19.392035
21.297787;19.388725
21.282303;19.389856
21.265852;19.387659
21.245041;19.387775
21.227583;19.385557
21.796511;19.838160
21.207870;19.384745
21.191963;19.387405
21.789827;19.841896
21.184107;19.396225
21.107952;19.368416
21.099861;19.378239
21.076893;19.378195
17.803671;17.414297
17.826258;17.494547
17.842133;17.569775
17.840294;17.633009
17.837612;17.694986
17.840204;17.759079
21.792620;19.898243
21.792356;19.901085
22.000000;20.000000
21.768576;19.910856
21.760838;19.908691
21.766188;19.911505
22.000000;20.000000
21.768150;19.920811
21.766745;19.921850
22.000000;20.000000
21.763731;19.924627
21.760752;19.927475
21.763052;19.930250
21.768517;19.932943
21.766205;19.933754
21.765827;19.938951
21.764425;19.940392
21.752037;19.940510
21.758539;19.947987
13.762635;19.067301
12.596309;19.045589
12.545034;19.151073
12.468029;19.255518
12.459973;19.367058
12.445285;19.477333
22.000000;20.000000
12.473833;19.589670
22.000000;20.000000
22.000000;20.000000
12.483874;19.811119
22.000000;20.000000
12.456332;19.920395
22.000000;20.000000
12.465048;20.030167
22.000000;20.000000
12.516021;20.139128
22.000000;20.000000
12.476263;20.249327
22.000000;20.000000
12.386827;20.362381
22.000000;20.000000
12.382689;20.474318
22.000000;20.000000
12.422720;20.582863
22.000000;20.000000
12.531793;20.685640
12.515395;20.796616
22.000000;20.000000
12.550075;20.903301
22.000000;20.000000
21.796057;20.020798
22.000000;20.000000
22.000000;20.000000
22.000000;20.000000
22.000000;20.000000
22.000000;20.000000
16.395954;20.996765
16.695925;21.018618
17.000959;21.019806
17.236860;21.028898
17.400131;21.049160
17.607946;21.055061
17.616497;21.106501
18.642603;21.150343
18.763582;21.151012
19.014528;21.100945
19.136797;21.093750
19.222214;21.098213
19.317991;21.103100
19.380062;21.106462
22.000000;20.000000
19.404745;21.138510
22.000000;20.000000
19.380901;21.178434
22.000000;20.000000
19.365721;21.222206
22.000000;20.000000
19.402630;21.241899
22.000000;20.000000
19.429880;21.272757
22.000000;20.000000
19.419655;21.308153
19.418476;21.353868
19.416330;21.386101
19.417698;21.424189
19.414383;21.465389
19.422913;21.500317
19.418175;21.543451
19.411537;21.588467
19.408983;21.631710
22.000000;20.000000
19.407087;21.675222
22.000000;20.000000
19.406689;21.718447
22.000000;20.000000
19.397022;21.768646
22.000000;20.000000
20.274782;21.213057
22.000000;20.000000
20.304386;21.221880
22.000000;20.000000
20.344418;21.222460
20.456768;21.224474
20.489704;21.227160
21.619558;20.311975
20.530947;21.222212
20.596588;21.200769
20.565477;21.256502
20.627802;21.230333
20.657757;21.232098
20.755222;21.169527
20.794821;21.158934
20.808802;21.177570
20.860868;21.179821
20.893845;21.172588
20.918365;21.173576
20.949450;21.166723
20.988644;21.177227
21.034609;21.177942
21.701393;20.382175
21.727716;20.370758
21.735888;20.366808
21.739620;20.370691
21.743114;20.373121
22.000000;20.000000
21.746353;20.381350
21.722649;20.430372
21.730736;20.430767
21.735453;20.430162
21.744415;20.430902
21.751883;20.431789
21.756441;20.433229
21.757206;20.443945
21.757143;20.454144
21.755047;20.471125
21.756517;20.481991
21.754419;20.497709
22.000000;20.000000
21.752384;20.511185
21.470755;21.193958
21.490036;21.194712
21.505342;21.196804
22.000000;20.000000
21.519222;21.194904
21.538647;21.193966
21.553114;21.197321
21.568388;21.198660
21.583298;21.192278
21.600000;21.196932
21.615135;21.197683
21.629940;21.199200
21.644728;21.200535
22.000000;20.000000
21.659653;21.200695
21.675175;21.198771
21.689854;21.199554
21.704153;21.201101
21.718790;21.201530
21.732964;21.203735
21.747356;21.204796
21.762009;21.203697
21.775988;21.206377
21.790512;21.205940
21.804878;21.205309
21.819023;21.206503
21.833441;21.205549
22.000000;20.000000
22.000000;20.000000
22.000000;20.000000
22.000000;20.000000
