22.003492;21.213995
22.017546;21.211872
22.031590;21.215590
22.045614;21.213142
22.059782;21.214529
22.073990;21.215750
22.088188;21.217812
22.102560;21.219696
22.116417;21.215437
22.130819;21.217995
22.145294;21.219374
22.159689;21.219589
22.173992;21.219652
22.188740;21.221504
22.203108;21.221226
22.217964;21.222725
22.231760;21.218149
22.243979;21.219841
22.262356;21.224203
22.277424;21.224979
22.291962;21.223652
22.306381;21.221151
22.321682;21.222382
22.335260;21.227022
22.351120;21.228821
22.368509;21.225805
22.383602;21.224312
22.396627;21.225410
22.415958;21.227434
22.429451;21.229136
22.447975;21.227831
22.466078;21.232840
22.218449;20.517807
22.217344;20.501966
22.218058;20.485258
22.217365;20.469086
22.216417;20.450737
22.220881;20.441868
22.225908;20.443811
22.232946;20.442421
22.239491;20.442327
22.000000;20.000000
22.245089;20.442682
22.254658;20.447632
22.235304;20.388264
22.236465;20.374611
22.243710;20.381857
22.000000;20.000000
22.000000;20.000000
22.250607;20.380962
22.000000;20.000000
22.260639;20.386293
22.000000;20.000000
22.000000;20.000000
22.933168;21.265062
22.330305;20.441021
22.950191;21.257343
23.004816;21.303711
22.993847;21.259001
23.035089;21.274658
23.036179;21.251781
23.098475;21.296131
23.101152;21.263502
23.124386;21.265703
23.151102;21.265892
23.180017;21.267826
23.209129;21.269257
23.241922;21.273762
23.267212;21.269886
23.302578;21.275391
23.331738;21.274019
23.361769;21.272823
23.400810;21.279194
23.424685;21.276653
23.460466;21.278484
23.498758;21.281603
23.541924;21.287849
23.573032;21.283150
23.600327;21.274784
23.639477;21.275166
23.693855;21.286461
23.741602;21.291142
23.786438;21.292542
23.829905;21.291916
23.882652;21.296694
23.928736;21.301888
23.989185;21.303083
24.036688;21.307020
24.089865;21.307169
24.131359;21.298969
24.198738;21.305298
24.270746;21.312952
24.344212;21.319384
24.398829;21.313715
24.478945;21.327469
24.552979;21.322090
26.282583;22.178879
26.501471;22.160280
22.000000;20.000000
26.385719;22.042479
26.341677;21.961004
26.351309;21.904892
25.482262;21.467890
22.000000;20.000000
25.599100;21.419733
25.761663;21.443167
25.870050;21.433472
25.895836;21.391846
26.031670;21.388283
26.197481;21.391125
26.359118;21.388784
26.598701;21.406565
26.809507;21.410240
27.107506;21.434019
27.414516;21.452669
27.599571;21.432898
27.927414;21.457592
22.000000;20.000000
22.000000;20.000000
22.000000;20.000000
22.000000;20.000000
22.000000;20.000000
32.406342;21.679512
22.000000;20.000000
32.466663;21.564892
32.503784;21.447102
22.000000;20.000000
22.000000;20.000000
22.000000;20.000000
32.652760;20.719078
32.639416;20.594280
32.530704;20.465736
32.556355;20.345242
32.590645;20.223413
32.530518;20.100964
32.540981;19.979788
22.261995;19.998568
32.221066;19.861820
31.524017;19.761631
22.264879;19.992023
22.000000;20.000000
22.000000;20.000000
22.000000;20.000000
26.768744;19.593946
22.000000;20.000000
26.353630;19.578369
22.248503;19.947441
22.244085;19.941490
22.242950;19.941048
22.245253;19.937868
22.243217;19.937986
22.246021;19.932932
22.248871;19.931974
22.000000;20.000000
22.000000;20.000000
22.244408;19.927265
22.000000;20.000000
22.243217;19.923386
22.244120;19.922920
22.000000;20.000000
22.000000;20.000000
22.243990;19.919268
22.245480;19.917414
22.000000;20.000000
22.000000;20.000000
22.248457;19.910751
22.000000;20.000000
22.000000;20.000000
22.000000;20.000000
22.000000;20.000000
23.294989;19.454996
23.251028;19.456470
23.216352;19.454678
23.184582;19.452467
23.143541;19.452152
23.115639;19.449650
23.082432;19.450329
23.053877;19.449488
23.022419;19.447821
22.993267;19.448711
22.973257;19.447794
22.946611;19.445621
22.917471;19.445536
22.896957;19.446480
22.874044;19.443813
22.852514;19.443632
22.832705;19.442680
22.812220;19.442755
22.792614;19.442574
22.773169;19.442846
22.756195;19.441637
22.737322;19.439791
22.719725;19.439875
22.701502;19.440979
22.683718;19.439655
22.669512;19.438189
22.653088;19.438932
22.639080;19.438059
22.622856;19.439381
22.608505;19.437006
22.595913;19.438173
22.580973;19.437016
22.568012;19.436651
22.553232;19.436056
22.541811;19.434729
22.530994;19.435492
22.519728;19.434572
22.505873;19.434162
22.494066;19.434404
22.482929;19.434036
22.471849;19.433849
22.461517;19.433111
22.449923;19.431498
22.439072;19.431898
22.428839;19.431633
22.418659;19.431528
22.407333;19.430721
22.399096;19.431013
22.387880;19.430553
22.379036;19.429424
22.369728;19.429296
22.360413;19.429274
22.353456;19.428465
22.343706;19.429543
22.333332;19.429201
22.324711;19.428850
22.315403;19.427080
22.308111;19.427664
22.299187;19.428587
22.289463;19.428080
22.283190;19.427179
22.274017;19.426058
22.265659;19.426546
22.258224;19.425352
22.250343;19.425146
22.242159;19.425989
22.233973;19.426922
22.226942;19.425177
22.218330;19.423990
22.210947;19.423374
22.202969;19.424757
22.195637;19.424335
22.188635;19.423056
22.181387;19.422831
22.174101;19.422680
22.168390;19.422029
22.158377;19.422318
22.152687;19.421822
22.146755;19.422350
22.138590;19.421366
22.132923;19.421064
22.124763;19.420273
22.117830;19.419846
22.110960;19.419510
22.103689;19.421215
22.097134;19.419065
22.090290;19.418974
22.083403;19.418955
22.075171;19.419849
22.069717;19.419168
22.062975;19.418400
22.056183;19.418709
22.049520;19.417099
22.042812;19.416569
22.036036;19.417112
22.027945;19.418671
22.021292;19.417389
22.014587;19.417183
22.009109;19.417070
22.002407;19.416004
21.995689;19.416016
21.990257;19.416080
21.982224;19.415270
21.975441;19.415516
21.967487;19.415905
21.961935;19.415237
21.955210;19.415714
21.947115;19.415388
21.941580;19.414909
21.934576;19.413639
21.927834;19.414431
21.919540;19.413492
21.912651;19.413469
21.907043;19.413319
21.900076;19.413450
21.894449;19.413422
21.886036;19.412960
21.877794;19.413599
21.873005;19.411547
21.864725;19.412369
21.858744;19.411722
21.851496;19.411446
21.842924;19.411606
21.836926;19.411163
21.827972;19.410591
21.821920;19.410303
21.814491;19.410500
21.805174;19.409300
21.798065;19.410635
21.790237;19.410191
21.785318;19.409834
21.777485;19.409536
21.768314;19.409849
21.761284;19.408342
21.753338;19.408360
21.745701;19.409424
21.736893;19.407820
21.727486;19.408783
21.719866;19.406822
21.711252;19.406515
21.701344;19.406956
21.693953;19.406233
21.686111;19.404682
21.677797;19.405725
21.667238;19.405836
21.659185;19.404650
21.650331;19.405163
21.640871;19.404978
21.632206;19.403234
21.619526;19.404106
21.611759;19.404358
21.601044;19.403044
21.590754;19.402761
21.580462;19.402599
21.571373;19.401690
21.560375;19.401018
21.549250;19.400562
21.539379;19.399269
21.527470;19.400930
21.516850;19.399162
21.504190;19.397860
21.492727;19.398300
21.479900;19.397411
21.467707;19.397440
21.455387;19.397720
21.441645;19.396740
21.429825;19.395466
21.415270;19.394150
21.401957;19.394571
21.387152;19.393814
21.372873;19.391241
21.357317;19.393028
22.000000;20.000000
21.292595;19.388605
21.277731;19.387518
21.260662;19.387644
21.239876;19.387802
21.798223;19.837620
21.221601;19.385052
21.203436;19.385572
21.792347;19.841883
21.189171;19.389441
21.176561;19.394663
22.000000;20.000000
21.107594;19.372393
21.095425;19.379393
22.000000;20.000000
22.000000;20.000000
17.811602;17.435776
22.000000;20.000000
17.832190;17.513845
17.830435;17.577932
17.848753;17.652552
17.823774;17.701429
17.820312;17.762302
21.794508;19.894482
21.795015;19.900173
21.759953;19.905441
21.768909;19.912786
21.764841;19.915146
21.766394;19.922901
21.765846;19.924583
21.755667;19.923599
22.000000;20.000000
22.000000;20.000000
21.761282;19.929182
21.766949;19.931179
21.762140;19.929810
22.000000;20.000000
21.767946;19.934942
22.000000;20.000000
22.000000;20.000000
21.766291;19.941174
21.764311;19.940844
22.000000;20.000000
21.758650;19.942951
22.000000;20.000000
21.750826;19.941278
22.000000;20.000000
22.000000;20.000000
22.000000;20.000000
22.000000;20.000000
22.000000;20.000000
22.000000;20.000000
22.000000;20.000000
22.000000;20.000000
22.000000;20.000000
22.000000;20.000000
13.244658;19.011202
22.000000;20.000000
12.613040;19.049107
12.552840;19.153601
12.459982;19.255810
12.452052;19.365614
12.453373;19.475939
12.473912;19.587845
12.466951;19.807127
12.448363;19.916664
12.465039;20.027424
12.482985;20.136875
12.400217;20.248554
12.437722;20.358625
12.399533;20.470718
12.397598;20.581619
12.514640;20.684139
12.498302;20.796217
12.549901;20.901489
21.795057;20.020840
22.000000;20.000000
22.000000;20.000000
22.000000;20.000000
22.000000;20.000000
22.000000;20.000000
16.395859;20.996227
22.000000;20.000000
16.714582;21.015034
16.999098;21.020685
17.254553;21.025553
17.421782;21.045147
17.606306;21.056793
17.600441;21.112349
22.000000;20.000000
22.000000;20.000000
22.000000;20.000000
22.000000;20.000000
22.000000;20.000000
18.631191;21.157141
22.000000;20.000000
18.763525;21.153831
19.014435;21.103580
19.138571;21.095589
19.227600;21.098236
19.319183;21.098104
19.386122;21.113070
19.402872;21.141706
19.380659;21.187614
19.366541;21.223974
19.410679;21.240187
19.430735;21.274481
19.416965;21.311695
19.415516;21.350370
19.421953;21.392328
19.426395;21.421324
19.419334;21.472076
19.429825;21.498274
19.419773;21.544176
19.411446;21.590231
19.410612;21.632418
19.403532;21.678932
19.408182;21.718887
19.396704;21.769958
20.275949;21.212976
20.306242;21.221035
20.343847;21.223372
22.000000;20.000000
20.454653;21.226635
20.490208;21.232529
21.619707;20.310577
20.533762;21.225590
20.587471;21.208570
20.559460;21.261772
20.625568;21.232336
20.656046;21.233192
20.754269;21.169971
20.793768;21.159281
20.808464;21.177229
20.859608;21.179995
20.892597;21.172787
20.917013;21.173689
21.684893;20.344667
20.943422;21.172062
22.000000;20.000000
20.987089;21.177208
22.000000;20.000000
21.032959;21.177883
21.721231;20.377159
21.737154;20.367718
21.738991;20.369024
22.000000;20.000000
21.742685;20.372826
21.745594;20.379641
21.722071;20.429998
21.729168;20.429785
21.735743;20.430340
21.742689;20.432203
21.749279;20.430283
21.756649;20.433346
21.755903;20.442089
21.756273;20.453676
21.753004;20.467798
21.753836;20.479504
21.751827;20.497540
22.000000;20.000000
21.753208;20.509361
22.000000;20.000000
22.000000;20.000000
22.000000;20.000000
21.468010;21.192738
21.483749;21.194189
21.500612;21.192671
21.515608;21.195602
21.532679;21.192717
21.550131;21.196203
21.566425;21.194761
21.579996;21.192179
21.594704;21.194092
21.612038;21.196682
21.626837;21.198238
21.641907;21.198654
21.656271;21.200771
21.671280;21.200819
21.686243;21.200682
21.700918;21.201330
21.715796;21.200827
21.729963;21.203066
21.744352;21.204163
21.758928;21.204105
21.773653;21.202888
21.787506;21.205414
21.801828;21.205824
21.815981;21.207054
21.830830;21.203165
21.849075;21.205589
21.863182;21.206266
21.877388;21.205782
21.891178;21.208109
21.905279;21.208292
21.919235;21.210308
21.933281;21.211164
21.947422;21.209858
21.961313;21.211382
21.975367;21.211750
21.989418;21.212954
