22.006872;21.214981
22.020948;21.213820
22.035057;21.214495
22.049225;21.216003
22.063160;21.214359
22.077305;21.214542
22.091465;21.214561
22.105692;21.216417
22.119991;21.217100
22.134541;21.219601
22.148560;21.216967
22.163212;21.220133
22.177355;21.218157
22.191942;21.218981
22.206287;21.218664
22.221479;21.222094
22.235641;21.219440
22.250376;21.219564
22.265663;21.222466
22.280945;21.224176
22.295832;21.223749
22.310383;21.222204
22.326342;21.225285
22.342146;21.227198
22.357080;21.226059
22.370028;21.227438
22.387541;21.224119
22.401628;21.227989
22.420486;21.228004
22.435001;21.232487
22.454395;21.232931
22.468561;21.235107
22.214756;20.507425
22.216225;20.494820
22.217478;20.476738
22.219500;20.461456
22.214569;20.442745
22.221031;20.442911
22.227524;20.442986
22.235025;20.442451
22.242556;20.441795
22.247719;20.443508
22.222828;20.380564
22.233105;20.389587
22.236113;20.380730
22.237280;20.376461
22.000000;20.000000
22.245724;20.378181
22.251514;20.379166
22.000000;20.000000
22.264851;20.393105
22.000000;20.000000
22.000000;20.000000
22.000000;20.000000
22.309998;20.418739
22.951977;21.249712
22.995445;21.275545
22.995815;21.245945
22.295681;20.366625
23.031736;21.260620
23.022526;21.220207
23.094994;21.282024
23.107281;21.266117
23.136568;21.264204
23.160002;21.265892
23.193079;21.272045
23.222992;21.273989
23.248199;21.270416
23.278454;21.271364
23.310452;21.273046
23.340363;21.272217
23.370428;21.270861
23.407454;21.280813
23.439407;21.279682
23.472397;21.278494
23.508484;21.279438
23.547867;21.282267
23.582073;21.279949
23.617216;21.277628
23.656475;21.277716
23.706457;21.284718
23.755898;21.290297
23.800814;21.291403
23.853365;21.296799
23.901321;21.297762
23.946215;21.295567
24.000307;21.304346
24.065939;21.313242
24.107386;21.305513
24.174614;21.312498
24.241419;21.317591
24.296602;21.314129
24.363237;21.316105
24.425825;21.314327
24.500185;21.317329
26.259235;22.204660
26.312218;22.169033
26.532965;22.214558
26.364992;22.070124
26.343290;21.998447
26.360701;21.945484
26.365717;21.886810
25.460497;21.439608
22.000000;20.000000
25.834013;21.449879
22.000000;20.000000
25.865604;21.410789
25.910141;21.375435
26.084003;21.383568
26.280428;21.394970
26.438515;21.389744
26.729202;21.420736
26.919304;21.415840
27.212105;21.434855
27.493238;21.456303
27.878180;21.485590
22.000000;20.000000
22.000000;20.000000
22.000000;20.000000
22.000000;20.000000
22.000000;20.000000
32.416382;21.747805
22.000000;20.000000
32.456863;21.629084
32.475056;21.507669
22.000000;20.000000
22.000000;20.000000
22.000000;20.000000
22.000000;20.000000
32.538990;20.523825
22.000000;20.000000
32.452423;20.398031
32.631306;20.280363
32.560848;20.155937
32.510616;19.910313
22.264977;19.996418
22.000000;20.000000
22.267963;19.995581
32.209911;19.793432
22.000000;20.000000
22.000000;20.000000
22.000000;20.000000
22.000000;20.000000
26.549582;19.579195
22.000000;20.000000
22.000000;20.000000
22.000000;20.000000
22.255043;19.949472
22.245909;19.944927
22.243919;19.945202
22.244383;19.938511
22.242083;19.937582
22.000000;20.000000
22.000000;20.000000
22.256008;19.927776
22.000000;20.000000
22.000000;20.000000
22.243963;19.925791
22.243748;19.925089
22.000000;20.000000
22.000000;20.000000
22.244076;19.919523
22.000000;20.000000
22.000000;20.000000
22.243143;19.913712
22.000000;20.000000
22.000000;20.000000
22.000000;20.000000
22.000000;20.000000
23.302750;19.455402
23.265129;19.453802
23.223083;19.455036
23.187603;19.454247
23.148357;19.452955
23.119492;19.450684
23.088051;19.450359
23.057646;19.450226
23.030031;19.449310
22.996073;19.449650
22.973969;19.447020
22.950211;19.445835
22.922270;19.447693
22.900095;19.443949
22.875847;19.444788
22.855480;19.446363
22.834444;19.443483
22.814726;19.442871
22.795105;19.442642
22.774727;19.443300
22.755713;19.440985
22.738815;19.440107
22.721212;19.440159
22.700912;19.440241
22.686262;19.441189
22.670050;19.438831
22.653625;19.439558
22.639565;19.438610
22.624826;19.438581
22.609671;19.436794
22.594324;19.437946
22.582016;19.436655
22.567802;19.435020
22.555447;19.436831
22.543272;19.436134
22.531210;19.435694
22.518642;19.433578
22.506037;19.434307
22.494175;19.434500
22.484282;19.432560
22.472544;19.433126
22.462149;19.432335
22.451176;19.432491
22.439018;19.431856
22.428730;19.431551
22.418549;19.431448
22.409678;19.432405
22.397676;19.430019
22.389427;19.430397
22.378761;19.429241
22.370657;19.429901
22.360085;19.429068
22.351288;19.428303
22.342064;19.428556
22.332390;19.429810
22.324711;19.427700
22.315634;19.428349
22.307562;19.427370
22.297321;19.427614
22.288805;19.427748
22.282532;19.426853
22.272444;19.427523
22.264891;19.426191
22.256990;19.425894
22.249119;19.425705
22.241222;19.425596
22.233414;19.425615
22.225637;19.425739
22.216928;19.424528
22.209555;19.423931
22.201864;19.424370
22.195747;19.424374
22.187164;19.423628
22.181141;19.423801
22.172827;19.422298
22.165838;19.421293
22.159595;19.422651
22.151047;19.422424
22.144337;19.420712
22.136915;19.421995
22.128923;19.420160
22.121983;19.419682
22.114853;19.420267
22.109217;19.420197
22.102310;19.419954
22.094131;19.419584
22.088675;19.418724
22.083012;19.418900
22.074909;19.418808
22.066879;19.417830
22.061302;19.418221
22.053265;19.417429
22.046503;19.416851
22.041021;19.416441
22.034191;19.417002
22.026094;19.417583
22.021942;19.416412
22.013884;19.416164
22.005814;19.417028
22.000336;19.416000
21.993572;19.417036
21.985525;19.417179
21.981270;19.415300
21.971912;19.415674
21.965075;19.415041
21.959581;19.415396
21.952721;19.414907
21.945938;19.415495
21.937662;19.414309
21.932047;19.413927
21.925125;19.413763
21.917040;19.414852
21.911245;19.413679
21.904289;19.413761
21.898445;19.412716
21.889978;19.412209
21.882973;19.412542
21.877048;19.411711
21.867262;19.411791
21.861456;19.412104
21.855461;19.411489
21.847895;19.410301
21.839504;19.411493
21.833439;19.411102
21.824467;19.410582
21.816751;19.409794
21.811907;19.409220
21.801891;19.410393
21.794407;19.410843
21.787470;19.409056
21.779930;19.409687
21.771133;19.410896
21.764069;19.409380
21.757011;19.407923
21.748075;19.409492
21.740934;19.408222
21.732441;19.407621
21.724743;19.408953
21.715742;19.407677
21.708424;19.406784
21.697994;19.406410
21.689737;19.407295
21.681824;19.405828
21.671228;19.405903
21.662382;19.406281
21.653805;19.404291
21.645380;19.405771
21.634911;19.403921
21.625360;19.403963
21.616478;19.402496
21.606115;19.404474
21.597181;19.403227
21.584986;19.403099
21.575346;19.401314
21.564901;19.401428
21.553806;19.400902
21.543245;19.401348
21.531406;19.400383
21.520107;19.400394
21.509438;19.398731
21.496099;19.399384
21.483953;19.399200
21.472403;19.397305
21.460772;19.395573
21.447727;19.395222
21.433956;19.397072
21.422094;19.395912
21.406731;19.394083
21.392662;19.393942
21.378513;19.394047
21.364285;19.394400
22.000000;20.000000
21.300516;19.390160
21.283592;19.389885
21.266567;19.389923
21.247898;19.389015
21.228895;19.385513
21.795214;19.839804
21.211559;19.386517
21.791430;19.841436
21.193348;19.387236
21.185490;19.396038
22.000000;20.000000
21.106110;19.365826
21.101280;19.377945
21.078379;19.377781
22.000000;20.000000
22.000000;20.000000
17.768364;17.385820
22.000000;20.000000
17.813721;17.480465
17.846889;17.565607
17.839773;17.625843
17.842236;17.690773
17.830685;17.747240
22.000000;20.000000
21.793121;19.899494
21.765160;19.914267
21.768024;19.918125
21.767550;19.919483
21.765358;19.919704
21.769375;19.923443
21.765289;19.923061
22.000000;20.000000
22.000000;20.000000
21.767349;19.929840
22.000000;20.000000
21.767035;19.934494
21.761105;19.933420
22.000000;20.000000
22.000000;20.000000
21.766409;19.940702
22.000000;20.000000
21.764008;19.942064
22.000000;20.000000
22.000000;20.000000
21.753084;19.944851
21.759834;19.946745
22.000000;20.000000
22.000000;20.000000
22.000000;20.000000
22.000000;20.000000
22.000000;20.000000
22.000000;20.000000
22.000000;20.000000
16.143730;19.182884
22.000000;20.000000
13.902250;19.061087
22.000000;20.000000
12.607950;19.020382
12.646009;19.133917
12.470136;19.229019
12.587595;19.347424
12.471839;19.450378
12.441131;19.559795
12.407518;19.780161
22.000000;20.000000
12.465611;19.892132
12.439000;20.002750
12.388668;20.113346
12.525593;20.221678
12.427832;20.334187
12.398347;20.445866
12.438107;20.555248
12.445128;20.665216
12.487302;20.772346
12.479890;20.883305
12.415093;21.000664
22.000000;20.000000
22.000000;20.000000
22.000000;20.000000
15.951883;20.986242
22.000000;20.000000
16.312338;20.994768
16.623253;21.016548
16.976576;21.010241
17.208590;21.021070
17.378696;21.040541
17.561245;21.053236
17.635754;21.088741
22.000000;20.000000
18.007692;21.144068
22.000000;20.000000
22.000000;20.000000
22.000000;20.000000
22.000000;20.000000
18.728218;21.153000
22.000000;20.000000
19.037672;21.082741
19.116724;21.091610
19.206755;21.094429
19.280357;21.108835
19.370708;21.107445
19.403906;21.129097
19.386318;21.166069
19.368179;21.218000
19.387903;21.245865
19.419491;21.260696
19.422674;21.296387
19.423077;21.341078
19.422550;21.372280
19.420713;21.419302
19.420218;21.451317
19.412119;21.495659
19.415884;21.533745
19.422749;21.570383
19.402138;21.624563
19.413584;21.659451
19.403770;21.708584
19.405531;21.750893
19.402990;21.796803
20.297159;21.218674
20.338827;21.218239
20.447405;21.223919
22.000000;20.000000
20.478825;21.228027
21.625326;20.307968
20.522463;21.221380
20.563845;21.220936
20.612717;21.235964
22.000000;20.000000
20.650053;21.231085
20.747761;21.168875
20.786713;21.159145
20.803101;21.170345
20.856106;21.176600
20.886360;21.172390
20.905607;21.174023
21.684546;20.342995
20.936584;21.172621
22.000000;20.000000
20.972582;21.187145
20.998575;21.184378
22.000000;20.000000
21.704407;20.384512
21.734118;20.367998
21.739090;20.366642
22.000000;20.000000
21.740730;20.375120
21.745388;20.375883
21.722366;20.428999
21.728962;20.429653
21.734062;20.430481
21.741531;20.431511
21.750023;20.430714
21.755486;20.432692
21.755249;20.438293
21.755577;20.449890
21.754227;20.465050
21.753559;20.477112
21.753918;20.492994
22.000000;20.000000
21.754177;20.504274
22.000000;20.000000
22.000000;20.000000
22.000000;20.000000
21.463104;21.196020
21.480604;21.193914
21.498568;21.197233
21.515869;21.194630
21.532564;21.192671
21.547493;21.195208
21.561960;21.198456
21.575916;21.194979
21.590662;21.196941
21.609400;21.195824
21.623182;21.200239
21.637997;21.201656
21.653233;21.200937
21.665604;21.200289
21.683367;21.199926
21.697552;21.202549
21.711872;21.204004
21.727186;21.201414
21.741562;21.202543
21.755415;21.205437
21.770351;21.203281
21.784739;21.202890
21.798872;21.204321
21.812740;21.206554
21.827318;21.204687
21.852901;21.204048
21.866879;21.205673
21.880659;21.208120
21.894855;21.207430
21.908678;21.209557
21.922716;21.210535
21.936764;21.211351
21.950901;21.210005
21.964767;21.212488
21.978853;21.211815
21.992912;21.211979
