22.000349;21.212999
22.014420;21.212914
22.028444;21.215668
22.042358;21.213261
22.056477;21.213686
22.070494;21.213955
22.084919;21.218044
22.099251;21.220972
22.113012;21.216763
22.127224;21.216364
22.141441;21.216806
22.155937;21.219067
22.170345;21.219156
22.184809;21.220083
22.198996;21.218863
22.213812;21.220411
22.228205;21.219837
22.243004;21.221054
22.257978;21.222067
22.273111;21.223898
22.287748;21.222595
22.303236;21.225027
22.317310;21.221458
22.333559;21.225414
22.346842;21.228996
22.364227;21.226042
22.380793;21.229376
22.392513;21.226734
22.411837;21.228823
22.428036;21.229630
22.442833;21.226505
22.458868;21.234476
22.218967;20.527346
22.217926;20.508249
22.218008;20.489662
22.217573;20.471193
22.218975;20.455055
22.217936;20.442213
22.223389;20.442846
22.231333;20.443266
22.237362;20.442339
22.243433;20.443596
22.250036;20.443354
22.228428;20.386551
22.236010;20.389006
22.235184;20.377775
22.000000;20.000000
22.243856;20.381763
22.000000;20.000000
22.248232;20.378933
22.000000;20.000000
22.254284;20.378517
22.000000;20.000000
22.000000;20.000000
22.000000;20.000000
22.917307;21.255615
22.947289;21.235676
22.989967;21.260782
22.989996;21.231384
22.297731;20.370110
23.037264;21.259964
22.000000;20.000000
23.090084;21.269112
23.113977;21.266895
23.142527;21.269606
23.165308;21.265093
23.196932;21.269794
23.227552;21.272377
23.252066;21.268013
23.283751;21.270283
23.315655;21.271988
23.343285;21.269129
23.377758;21.271774
23.415440;21.276466
23.444593;21.278355
23.478996;21.278513
23.515121;21.279335
23.556740;21.284090
23.582434;21.274727
23.623837;21.277306
23.667891;21.280918
23.713842;21.284878
23.761595;21.289291
23.807356;21.290854
23.858309;21.294958
23.903425;21.299999
23.950363;21.292938
24.007711;21.303968
24.070736;21.311279
24.113041;21.303974
24.182018;21.311836
24.245415;21.314730
24.304823;21.313850
24.373123;21.316845
24.434877;21.314404
24.514334;21.326941
26.278399;22.206785
26.322485;22.166414
26.539740;22.209787
26.389664;22.074097
26.348886;21.993450
26.359838;21.937588
26.346941;21.872269
25.470739;21.438408
22.000000;20.000000
25.838625;21.446156
22.000000;20.000000
25.872999;21.408022
25.923990;21.375235
26.088434;21.379827
26.289639;21.392515
26.445705;21.386848
26.715370;21.411160
26.934254;21.414511
27.221329;21.431473
27.514936;21.456398
22.000000;20.000000
22.000000;20.000000
22.000000;20.000000
22.000000;20.000000
22.000000;20.000000
22.000000;20.000000
32.489723;21.751839
22.000000;20.000000
32.539974;21.634787
32.374107;21.486034
22.000000;20.000000
22.000000;20.000000
22.000000;20.000000
22.000000;20.000000
32.569950;20.525364
22.000000;20.000000
32.253567;20.390459
32.620281;20.281090
32.622810;20.158890
32.279942;20.034494
32.250652;19.915480
22.264975;19.996317
32.210007;19.798326
22.267941;19.994349
22.000000;20.000000
22.000000;20.000000
22.000000;20.000000
22.000000;20.000000
26.540979;19.583942
22.000000;20.000000
22.000000;20.000000
22.000000;20.000000
22.257059;19.949354
22.246555;19.947903
22.243740;19.944407
22.244329;19.938301
22.242167;19.937908
22.000000;20.000000
22.000000;20.000000
22.255651;19.926527
22.000000;20.000000
22.244246;19.926727
22.000000;20.000000
22.000000;20.000000
22.243050;19.922848
22.000000;20.000000
22.243866;19.918892
22.244579;19.917873
22.000000;20.000000
22.000000;20.000000
22.000000;20.000000
22.000000;20.000000
22.000000;20.000000
22.000000;20.000000
23.309593;19.456224
23.271082;19.454987
23.230841;19.455254
23.196238;19.453886
23.156097;19.452936
23.125404;19.451391
23.097567;19.449245
23.066225;19.449396
23.033876;19.448019
23.004612;19.448572
22.980780;19.446877
22.954397;19.447065
22.930731;19.446259
22.906376;19.446531
22.884642;19.445612
22.862169;19.445663
22.839483;19.443836
22.818563;19.441399
22.801788;19.441732
22.781422;19.442343
22.762846;19.442244
22.744686;19.439583
22.727892;19.438988
22.709108;19.437693
22.692905;19.439856
22.675165;19.438719
22.659470;19.438704
22.643921;19.439035
22.629160;19.438925
22.616016;19.437790
22.600683;19.438873
22.587683;19.438219
22.572792;19.437223
22.559879;19.436998
22.548433;19.435562
22.535017;19.436541
22.523005;19.436237
22.511782;19.435444
22.499365;19.433731
22.488194;19.433281
22.477722;19.432245
22.465462;19.431168
22.455090;19.433058
22.445452;19.431795
22.433376;19.431309
22.422573;19.431936
22.411816;19.430248
22.402975;19.431299
22.394077;19.429955
22.384138;19.430433
22.374758;19.430191
22.364220;19.429323
22.355518;19.428566
22.345755;19.429611
22.338850;19.428968
22.328497;19.428711
22.319893;19.428429
22.310122;19.427614
22.302336;19.429115
22.294319;19.428314
22.286325;19.427622
22.278355;19.427036
22.268721;19.426870
22.260813;19.426521
22.251665;19.425724
22.246685;19.425743
22.235559;19.426493
22.231056;19.425741
22.221117;19.423983
22.214996;19.423803
22.206011;19.423716
22.199877;19.423676
22.190958;19.423819
22.182739;19.422209
22.176661;19.422413
22.169386;19.422321
22.162403;19.421358
22.154903;19.422411
22.147697;19.422590
22.140696;19.421875
22.135031;19.421551
22.126820;19.420719
22.120960;19.421511
22.112963;19.419897
22.107271;19.419834
22.097692;19.420172
22.092184;19.419271
22.085295;19.419230
22.078419;19.419271
22.070274;19.419237
22.064981;19.417614
22.058121;19.417894
22.051277;19.418255
22.044601;19.416702
22.039053;19.417307
22.029722;19.417759
22.024292;19.416506
22.017548;19.417265
22.010805;19.416100
22.004032;19.416014
21.997257;19.416006
21.990522;19.415077
21.982449;19.415264
21.978243;19.415405
21.970232;19.415758
21.964684;19.415066
21.955322;19.415705
21.949835;19.416151
21.941538;19.413908
21.934742;19.414627
21.929245;19.415266
21.922260;19.414135
21.915182;19.413097
21.907089;19.414324
21.901258;19.413250
21.893223;19.414660
21.888643;19.413477
21.881453;19.412848
21.872990;19.412573
21.865740;19.412136
21.857401;19.413074
21.850912;19.410563
21.843826;19.411366
21.838037;19.411894
21.830120;19.409969
21.821701;19.411413
21.813982;19.410660
21.806534;19.410957
21.798744;19.410402
21.791830;19.408566
21.784639;19.410082
21.778051;19.409323
21.769188;19.410582
21.760864;19.409590
21.752874;19.409637
21.745758;19.408310
21.738100;19.409472
21.727884;19.408600
21.721884;19.406977
21.712847;19.405741
21.703745;19.404636
21.695948;19.406332
21.686750;19.405476
21.676659;19.406345
21.667351;19.405773
21.659300;19.404585
21.650389;19.405128
21.639618;19.405737
21.630890;19.404047
21.621321;19.404150
21.611645;19.404432
21.602188;19.402279
21.590582;19.402880
21.582123;19.402655
21.570618;19.401001
21.559555;19.400381
21.550943;19.400543
21.537882;19.400419
21.527241;19.401112
21.516619;19.399347
21.502634;19.399145
21.492496;19.398495
21.479729;19.397560
21.467476;19.397644
21.456484;19.396730
21.441471;19.396900
21.429651;19.395630
21.414400;19.396383
21.401020;19.394089
21.388258;19.392698
21.372078;19.393501
21.358423;19.391859
22.000000;20.000000
21.292360;19.388876
21.276731;19.387148
21.259138;19.389490
21.240213;19.385790
21.797108;19.839016
21.221367;19.385351
21.203199;19.385878
21.791939;19.842421
21.189737;19.390354
21.175524;19.394388
22.000000;20.000000
21.107353;19.372734
21.092712;19.378042
22.000000;20.000000
22.000000;20.000000
17.824995;17.448376
22.000000;20.000000
17.835823;17.521421
17.831575;17.583937
17.852602;17.659973
17.834282;17.713453
17.839794;17.778887
21.796946;19.898521
21.794193;19.897318
22.000000;20.000000
21.759678;19.900778
22.000000;20.000000
21.766794;19.912729
21.768898;19.918657
21.766243;19.920208
21.765947;19.924269
22.000000;20.000000
21.763124;19.926554
22.000000;20.000000
22.000000;20.000000
21.767828;19.935366
22.000000;20.000000
21.766356;19.936954
22.000000;20.000000
21.766563;19.940098
21.763351;19.940554
22.000000;20.000000
22.000000;20.000000
21.748632;19.941879
22.000000;20.000000
22.000000;20.000000
21.756380;19.948523
22.000000;20.000000
22.000000;20.000000
17.645031;19.221525
22.000000;20.000000
22.000000;20.000000
16.295067;19.169958
22.000000;20.000000
22.000000;20.000000
12.694352;18.974344
22.000000;20.000000
12.723970;19.085493
12.390286;19.164106
12.465996;19.282024
12.450383;19.391247
12.451953;19.502485
12.429875;19.611675
12.449454;19.833336
12.422164;19.943985
12.422153;20.054178
12.398414;20.164793
12.451951;20.274698
12.429764;20.385572
12.434881;20.496567
12.390329;20.609806
12.474833;20.715475
12.508601;20.822851
12.543666;20.930452
21.794121;20.021513
22.000000;20.000000
22.000000;20.000000
22.000000;20.000000
22.000000;20.000000
16.194508;20.994165
22.000000;20.000000
16.514212;21.004513
16.769642;21.020588
17.076572;21.020124
17.315254;21.027018
17.565201;21.026283
17.627926;21.065350
17.832388;21.118135
22.000000;20.000000
22.000000;20.000000
22.000000;20.000000
22.000000;20.000000
22.000000;20.000000
22.000000;20.000000
18.696783;21.144888
18.937065;21.101570
19.056870;21.097206
19.175106;21.090303
19.250166;21.098152
19.348022;21.094614
19.401985;21.114563
19.383284;21.151815
19.368481;21.194658
19.262964;21.281061
19.413118;21.247566
19.422268;21.279913
19.420370;21.318377
19.416584;21.365299
19.424688;21.399475
19.424976;21.431141
19.419172;21.473810
19.423506;21.511238
19.415510;21.556503
19.418428;21.595844
19.407560;21.644432
19.405018;21.688576
19.407314;21.730221
19.395372;21.782206
20.282011;21.216362
20.321327;21.218004
20.356436;21.221884
22.000000;20.000000
20.441206;21.216015
20.469841;21.228029
20.497700;21.229053
20.537355;21.225208
22.000000;20.000000
20.594454;21.239481
20.632681;21.234261
20.702177;21.199142
20.765579;21.167395
20.807627;21.159229
20.853058;21.168028
20.872915;21.174761
20.898928;21.174623
21.686277;20.339149
20.927486;21.171093
20.964481;21.157373
20.958893;21.191143
20.993023;21.179661
21.039492;21.179348
21.704636;20.382164
21.730368;20.367743
22.000000;20.000000
21.738369;20.367355
22.000000;20.000000
21.739296;20.371685
21.741877;20.380753
21.726244;20.431484
21.730942;20.430897
21.738558;20.429718
21.745998;20.430677
21.751554;20.430447
21.757465;20.436094
21.756332;20.445745
21.756311;20.458233
21.754631;20.472036
22.000000;20.000000
21.756681;20.484314
22.000000;20.000000
21.753092;20.500401
22.000000;20.000000
22.000000;20.000000
22.000000;20.000000
21.474707;21.198978
21.489922;21.194664
21.507868;21.197844
21.523972;21.190344
21.541525;21.194002
21.555988;21.197323
21.571255;21.198627
21.588120;21.195011
21.603155;21.195873
21.614716;21.198597
21.632355;21.199944
21.644213;21.201426
21.662613;21.199453
21.675205;21.197744
21.691906;21.201115
21.706219;21.202637
21.721319;21.201094
21.735157;21.204220
21.749958;21.203295
21.764395;21.203148
21.778187;21.206783
21.792763;21.205315
21.806959;21.205643
21.821104;21.206812
21.835001;21.208790
21.846186;21.205225
21.860062;21.207922
21.874487;21.204477
21.888374;21.206848
21.902464;21.207066
21.916286;21.209106
21.930204;21.211992
21.944290;21.209719
21.958292;21.211283
21.972370;21.210684
21.986311;21.209923
