22.002560;21.213997
22.016617;21.211885
22.030748;21.214611
22.044683;21.213177
22.058804;21.213575
22.072941;21.215815
22.087254;21.217878
22.101460;21.217781
22.115368;21.215538
22.129885;21.218094
22.144243;21.219500
22.158508;21.218735
22.173058;21.219786
22.187838;21.222654
22.202171;21.221380
22.216852;21.221907
22.230709;21.218349
22.245617;21.219511
22.260881;21.222473
22.276365;21.225218
22.290792;21.222902
22.305326;21.221416
22.318047;21.223331
22.333530;21.224384
22.352770;21.228348
22.367569;21.226088
22.382545;21.224642
22.395571;21.225752
22.412308;21.228664
22.428509;21.229465
22.443644;21.227276
22.462412;21.234221
22.216063;20.513388
22.216911;20.502153
22.218504;20.487249
22.217424;20.470160
22.217934;20.452227
22.219608;20.442503
22.227024;20.442118
22.232565;20.442621
22.238132;20.443060
22.000000;20.000000
22.244707;20.442894
22.252781;20.442947
22.235788;20.387970
22.235537;20.374014
22.000000;20.000000
22.245531;20.381878
22.249657;20.380390
22.000000;20.000000
22.258228;20.385506
22.000000;20.000000
22.000000;20.000000
22.000000;20.000000
22.000000;20.000000
22.000000;20.000000
22.941883;21.249832
22.000000;20.000000
22.993452;21.256765
23.041105;21.291656
23.043400;21.258785
22.000000;20.000000
23.094458;21.265343
23.121658;21.266787
23.149038;21.267767
23.171707;21.263262
23.204184;21.268440
23.236238;21.272316
23.262197;21.269236
23.296808;21.274132
23.322201;21.269516
23.353722;21.275555
23.391844;21.275663
23.420126;21.277241
23.455687;21.273315
23.494904;21.283028
23.526424;21.279881
23.558189;21.276026
23.588507;21.270355
23.633087;21.275230
23.686739;21.285906
23.739122;21.294479
23.774248;21.288912
23.824976;21.293688
23.870293;21.293476
23.924135;21.297977
23.967947;21.300795
24.019764;21.301907
24.081303;21.307650
24.125328;21.301170
24.191811;21.307159
24.262171;21.313787
24.332846;21.319178
24.390045;21.315168
24.466856;21.320387
24.542328;21.323074
26.272844;22.184765
26.354322;22.163080
26.507921;22.174553
26.348087;22.035616
26.349556;21.975117
26.352957;21.916065
25.496014;21.481588
25.475958;21.425753
25.571064;21.425318
25.852438;21.434935
22.000000;20.000000
25.878237;21.393530
25.992416;21.382477
26.183691;21.394573
26.336716;21.389894
26.537966;21.396555
26.766785;21.406652
27.075329;21.433912
27.309807;21.433859
27.588514;21.439775
27.918377;21.465000
22.000000;20.000000
22.000000;20.000000
22.000000;20.000000
22.000000;20.000000
32.476154;21.831238
22.000000;20.000000
32.424641;21.697851
32.464401;21.579941
32.461224;21.455549
22.000000;20.000000
22.000000;20.000000
22.000000;20.000000
32.534836;20.601612
22.000000;20.000000
32.520126;20.478407
32.353069;20.350517
32.248463;20.227991
32.540401;20.112175
32.623997;19.989815
22.265991;19.997730
32.582165;19.867086
22.264975;19.996393
31.626190;19.767384
22.000000;20.000000
22.000000;20.000000
22.000000;20.000000
26.760008;19.597448
22.000000;20.000000
26.374777;19.578861
22.244974;19.945333
22.247328;19.942165
22.242716;19.940092
22.242834;19.936495
22.243862;19.932615
22.245743;19.931917
22.000000;20.000000
22.246155;19.929689
22.000000;20.000000
22.247019;19.925533
22.000000;20.000000
22.243958;19.922405
22.000000;20.000000
22.241596;19.921598
22.000000;20.000000
22.243639;19.918215
22.000000;20.000000
22.249033;19.912373
22.000000;20.000000
22.243616;19.912067
22.000000;20.000000
22.000000;20.000000
22.000000;20.000000
22.000000;20.000000
23.293806;19.454763
23.249800;19.456150
23.215126;19.454388
23.181242;19.450020
23.143227;19.451494
23.114374;19.449345
23.081171;19.450056
23.052622;19.449244
23.022385;19.449863
22.991970;19.448437
22.970743;19.445400
22.943598;19.446413
22.916189;19.445351
22.894405;19.444260
22.873945;19.445522
22.851196;19.443445
22.829332;19.441246
22.809631;19.440756
22.791262;19.442390
22.770592;19.440990
22.754854;19.441507
22.734697;19.437998
22.718346;19.439730
22.700077;19.440796
22.684254;19.440311
22.668098;19.438063
22.651684;19.438833
22.637629;19.437923
22.620916;19.437233
22.606283;19.437550
22.592466;19.437441
22.579445;19.436878
22.566492;19.436541
22.553612;19.436428
22.540251;19.434622
22.528196;19.434240
22.518129;19.434464
22.504286;19.434084
22.491894;19.432514
22.481951;19.433203
22.470871;19.433035
22.460484;19.432272
22.448322;19.431507
22.438036;19.431099
22.426601;19.432451
22.416367;19.429846
22.406242;19.429941
22.397432;19.431068
22.388554;19.429802
22.379145;19.429497
22.367981;19.429359
22.359207;19.428514
22.348682;19.427879
22.339470;19.428173
22.331068;19.430197
22.322958;19.429007
22.315348;19.427050
22.305113;19.427195
22.296608;19.427244
22.287697;19.428308
22.281376;19.427399
22.271784;19.427210
22.264284;19.425911
22.255978;19.426537
22.249725;19.425966
22.239021;19.425758
22.231970;19.423952
22.225088;19.425522
22.216431;19.424341
22.210327;19.424212
22.201698;19.423252
22.195307;19.424223
22.187994;19.423897
22.178156;19.422873
22.172440;19.422182
22.165176;19.422144
22.156660;19.421848
22.149748;19.421053
22.145281;19.420946
22.136583;19.421917
22.129868;19.420370
22.122929;19.419882
22.115799;19.420456
22.110161;19.420376
22.103430;19.419136
22.095402;19.417765
22.088190;19.419662
22.080032;19.419491
22.074575;19.418764
22.067713;19.418932
22.059685;19.418053
22.052782;19.418390
22.047316;19.417919
22.039276;19.417322
22.032513;19.416906
22.026932;19.417622
22.020208;19.416349
22.013414;19.417154
22.005365;19.417025
21.999832;19.416000
21.991770;19.416058
21.984997;19.416193
21.978226;19.416407
21.971407;19.415699
21.965805;19.414999
21.957731;19.415527
21.953394;19.414852
21.945320;19.415552
21.938231;19.413242
21.932835;19.414843
21.923214;19.414009
21.917517;19.413774
21.911863;19.413586
21.903776;19.414860
21.896648;19.414045
21.889431;19.413328
21.880945;19.412951
21.875227;19.413116
21.866472;19.411970
21.861963;19.411985
21.853189;19.411022
21.845860;19.410830
21.838507;19.410728
21.831406;19.411680
21.826277;19.410046
21.817318;19.409618
21.810175;19.410824
21.802401;19.410221
21.794586;19.409719
21.786734;19.409321
21.780439;19.409498
21.772886;19.410217
21.764578;19.409176
21.754969;19.408764
21.746946;19.408888
21.738894;19.409121
21.731703;19.407955
21.724007;19.409296
21.713699;19.408663
21.705490;19.406002
21.697256;19.406786
21.688536;19.406797
21.681026;19.406256
21.670004;19.405439
21.660652;19.404964
21.651751;19.405489
21.643612;19.404497
21.633587;19.403559
21.624027;19.403620
21.614962;19.404663
21.604919;19.401669
21.594505;19.403833
21.583555;19.402876
21.573906;19.401112
21.563452;19.401245
21.552345;19.400742
21.541779;19.401211
21.529928;19.400270
21.519320;19.398464
21.506617;19.399750
21.495161;19.397560
21.481073;19.397720
21.471434;19.395494
21.459122;19.395706
21.446068;19.395386
21.432934;19.395287
21.419725;19.395412
21.405043;19.394337
21.390966;19.394228
21.377527;19.395061
21.361681;19.391335
22.000000;20.000000
21.297142;19.389467
21.282303;19.388313
21.263918;19.389984
21.246580;19.387465
21.226212;19.385675
21.205641;19.384354
21.191376;19.388180
21.792181;19.843760
21.789661;19.842119
21.185942;19.398790
22.000000;20.000000
21.107346;19.369272
21.099207;19.379189
21.073807;19.377405
22.000000;20.000000
17.800697;17.419127
22.000000;20.000000
17.817371;17.495754
17.830069;17.568621
17.835835;17.636808
17.833212;17.698811
17.830582;17.760080
21.792513;19.898460
21.792252;19.901304
21.760195;19.907576
21.768465;19.911146
21.766077;19.911795
21.768166;19.917725
21.766144;19.923664
21.763292;19.922733
22.000000;20.000000
21.756987;19.926105
22.000000;20.000000
21.762514;19.928556
22.000000;20.000000
21.766558;19.932522
22.000000;20.000000
21.766563;19.936193
22.000000;20.000000
21.764872;19.938654
21.759583;19.939142
22.000000;20.000000
21.766239;19.941374
22.000000;20.000000
22.000000;20.000000
21.750349;19.943335
22.000000;20.000000
22.000000;20.000000
22.000000;20.000000
22.000000;20.000000
22.000000;20.000000
22.000000;20.000000
22.000000;20.000000
22.000000;20.000000
22.000000;20.000000
13.143016;19.002304
22.000000;20.000000
12.628686;19.053413
12.502795;19.151871
12.450795;19.257856
12.417883;19.367035
12.504047;19.483288
12.447779;19.590384
12.466842;19.812611
12.456317;19.922224
12.473057;20.032883
12.466066;20.142603
12.366398;20.255899
12.471941;20.363747
12.484746;20.472942
12.406033;20.588495
12.523212;20.691742
12.506887;20.802830
12.550683;20.909643
21.795067;20.020939
22.000000;20.000000
22.000000;20.000000
22.000000;20.000000
22.000000;20.000000
22.000000;20.000000
16.411583;20.998960
22.000000;20.000000
16.743937;21.014101
17.016634;21.021585
17.270197;21.026920
17.478245;21.036362
17.595554;21.063400
17.614002;21.112947
22.000000;20.000000
22.000000;20.000000
22.000000;20.000000
22.000000;20.000000
22.000000;20.000000
18.654772;21.151911
22.000000;20.000000
18.779367;21.150620
19.018927;21.104195
19.150511;21.093210
19.237633;21.096407
19.336573;21.093069
19.394121;21.111435
19.405359;21.142395
19.370638;21.187300
19.330982;21.242369
19.413197;21.240810
19.434032;21.274378
19.422052;21.310667
19.420036;21.356838
19.420568;21.387650
19.425600;21.424017
19.416210;21.468611
19.429966;21.500502
19.417528;21.548210
19.410963;21.593264
19.408482;21.636539
19.407660;21.679789
19.408165;21.722479
19.391960;21.777206
20.278048;21.214218
20.314133;21.218298
20.348471;21.222897
22.000000;20.000000
20.461660;21.224201
20.492245;21.228699
21.618464;20.313793
20.532824;21.224464
22.000000;20.000000
20.574921;21.252100
20.628204;21.233774
20.660265;21.233351
20.758360;21.169943
20.800488;21.161926
20.810497;21.179283
22.000000;20.000000
20.863260;21.180738
20.896902;21.172722
20.921408;21.173658
20.951797;21.167490
22.000000;20.000000
20.990112;21.178486
21.035332;21.179827
21.701027;20.381889
21.727884;20.369640
21.735430;20.366478
21.739124;20.370340
22.000000;20.000000
21.745014;20.374422
21.746609;20.381519
21.722855;20.430504
21.730902;20.430870
21.736526;20.430820
21.743988;20.431812
21.750023;20.430714
21.755527;20.432714
21.757164;20.443922
21.755583;20.454441
21.755373;20.470167
21.756332;20.481897
21.751143;20.498316
22.000000;20.000000
22.000000;20.000000
21.753218;20.511589
22.000000;20.000000
22.000000;20.000000
21.469839;21.193552
21.485977;21.194061
21.504311;21.196377
21.521084;21.194574
21.537142;21.194456
21.551966;21.196892
21.564484;21.197247
21.583355;21.196535
21.598103;21.198404
21.613565;21.198227
21.628971;21.197853
21.643061;21.201084
21.658388;21.200335
21.673910;21.198427
21.688223;21.200165
21.700724;21.198189
21.717407;21.201206
21.731579;21.203428
21.745970;21.204504
21.760429;21.204405
21.774784;21.205137
21.789297;21.204712
21.803331;21.206070
21.817783;21.205305
21.832077;21.204350
21.848150;21.205473
21.862144;21.207153
21.876564;21.204693
21.890457;21.207039
21.904547;21.207232
21.918373;21.209248
21.932295;21.212111
21.946449;21.210817
21.960564;21.209356
21.974575;21.210733
21.988497;21.211945
