22.002325;21.212997
22.016500;21.211887
22.030659;21.215614
22.044683;21.213177
22.058804;21.213575
22.073057;21.215807
22.087370;21.217871
22.101492;21.216774
22.115717;21.215504
22.130129;21.217064
22.144711;21.219444
22.158976;21.218674
22.173525;21.219719
22.188120;21.220589
22.202875;21.221264
22.217554;21.221783
22.231525;21.218193
22.243746;21.219887
22.262030;21.223251
22.277306;21.225004
22.292080;21.223623
22.306253;21.220152
22.321661;21.221354
22.335497;21.226957
22.351475;21.228720
22.366276;21.226475
22.383772;21.223209
22.397215;21.225220
22.416985;21.228142
22.430489;21.229834
22.447916;21.233173
22.464657;21.234446
22.215767;20.513512
22.218332;20.497173
22.217451;20.485529
22.217394;20.467970
22.216892;20.450508
22.220860;20.442997
22.227873;20.441683
22.232479;20.442667
22.000000;20.000000
22.240974;20.441521
22.000000;20.000000
22.245642;20.442375
22.236122;20.386595
22.238295;20.374636
22.000000;20.000000
22.244522;20.380148
22.000000;20.000000
22.251118;20.380625
22.000000;20.000000
22.261681;20.386797
22.000000;20.000000
22.000000;20.000000
22.000000;20.000000
22.330566;20.442074
22.000000;20.000000
23.000359;21.288195
22.997805;21.254589
23.029974;21.264641
23.031244;21.236380
23.099417;21.287451
23.102394;21.266399
23.129652;21.267712
23.155064;21.266342
23.184813;21.268826
23.212578;21.268730
23.245396;21.273165
23.270815;21.269112
23.305492;21.273838
23.334658;21.272409
23.364086;21.270342
23.401796;21.281080
23.431604;21.277916
23.464422;21.276995
23.503498;21.280672
23.544514;21.284742
23.584927;21.287546
23.604456;21.272802
23.650068;21.277828
23.701475;21.286341
23.748468;21.290268
23.795090;21.292517
23.845964;21.296900
23.890314;21.301437
23.938492;21.301720
23.993618;21.305441
24.057642;21.313236
24.099911;21.306181
24.167089;21.313349
24.223640;21.312307
24.283800;21.312332
24.356598;21.317741
24.416527;21.314688
24.500559;21.323044
22.000000;20.000000
26.292610;22.167944
26.493437;22.204325
26.395218;22.092722
26.346573;22.008043
26.369762;21.957067
26.357313;21.891115
25.440891;21.437260
22.000000;20.000000
22.000000;20.000000
25.792799;21.440115
25.879669;21.421827
25.903444;21.379391
26.064156;21.382927
26.231033;21.385159
26.440596;21.396475
26.646053;21.402071
26.919594;21.422054
27.176716;21.431522
27.448223;21.438780
28.056824;21.462961
22.000000;20.000000
22.000000;20.000000
22.000000;20.000000
22.000000;20.000000
22.000000;20.000000
32.445438;21.761948
22.000000;20.000000
32.495960;21.644453
32.493546;21.519573
22.000000;20.000000
22.000000;20.000000
22.000000;20.000000
22.000000;20.000000
22.000000;20.000000
32.589520;20.534479
32.492085;20.407600
32.558113;20.286535
32.675728;20.164801
32.613922;20.040705
32.602673;19.916643
22.267967;19.995811
32.191051;19.800655
22.264927;19.993750
22.000000;20.000000
22.000000;20.000000
22.000000;20.000000
22.000000;20.000000
22.000000;20.000000
26.528870;19.583302
22.000000;20.000000
22.000000;20.000000
22.257145;19.949799
22.246410;19.947218
22.243460;19.943192
22.000000;20.000000
22.243868;19.936499
22.241560;19.935589
22.000000;20.000000
22.000000;20.000000
22.255245;19.925131
22.000000;20.000000
22.000000;20.000000
22.243511;19.924318
22.000000;20.000000
22.242617;19.921499
22.000000;20.000000
22.243593;19.918076
22.244476;19.917568
22.000000;20.000000
22.000000;20.000000
22.000000;20.000000
22.000000;20.000000
22.000000;20.000000
23.309032;19.457487
23.267437;19.454103
23.226295;19.454872
23.192619;19.453188
23.152742;19.455198
23.121813;19.450878
23.092150;19.449602
23.059948;19.450319
23.032324;19.449356
23.000978;19.448193
22.976238;19.446968
22.951658;19.446335
22.926287;19.446615
22.903234;19.443323
22.879345;19.446581
22.857744;19.446180
22.835032;19.444363
22.816086;19.443090
22.797279;19.442259
22.776520;19.440657
22.757053;19.441114
22.740948;19.439610
22.721302;19.438646
22.703794;19.439043
22.685566;19.440334
22.672590;19.440315
22.655682;19.438885
22.639616;19.437153
22.624073;19.437742
22.612133;19.437990
22.595589;19.437830
22.582500;19.437157
22.571486;19.437321
22.556635;19.436600
22.545147;19.435163
22.531696;19.436153
22.519131;19.434025
22.507137;19.433950
22.494610;19.434877
22.484772;19.432980
22.471783;19.432491
22.461330;19.431671
22.450981;19.431061
22.440678;19.430611
22.431627;19.431234
22.418985;19.431768
22.407608;19.430916
22.399368;19.431204
22.390484;19.429909
22.381067;19.429575
22.370436;19.428564
22.361834;19.430174
22.353621;19.428566
22.342611;19.428885
22.335205;19.429140
22.324053;19.427328
22.315458;19.427111
22.307692;19.428574
22.299187;19.428587
22.289968;19.427216
22.281981;19.426582
22.274017;19.426058
22.266869;19.427109
22.257761;19.426241
22.250288;19.425121
22.242048;19.425943
22.233862;19.426878
22.225563;19.424635
22.218164;19.423927
22.210438;19.424253
22.204350;19.424185
22.195417;19.424261
22.188414;19.422983
22.180809;19.423698
22.174112;19.421640
22.168112;19.421949
22.158045;19.422226
22.152353;19.421734
22.145391;19.420975
22.138201;19.421272
22.131258;19.420683
22.124374;19.420189
22.117441;19.419765
22.109051;19.420166
22.102142;19.419924
22.096687;19.418991
22.089788;19.418896
22.081619;19.418701
22.074671;19.419785
22.069279;19.418110
22.062473;19.418344
22.056950;19.417778
22.047594;19.417942
22.040840;19.417429
22.034079;19.416996
22.028551;19.417700
22.021832;19.416409
22.015060;19.416195
22.008272;19.417059
22.001566;19.417002
21.994793;19.416023
21.988018;19.416122
21.981247;19.416302
21.973099;19.414618
21.966309;19.414968
21.960814;19.415312
21.953957;19.414808
21.945938;19.415495
21.940346;19.415033
21.933338;19.413778
21.926542;19.414591
21.920912;19.414316
21.912687;19.414474
21.906876;19.413345
21.899963;19.413469
21.890402;19.414164
21.884518;19.413258
21.877365;19.412666
21.870129;19.412176
21.862865;19.411774
21.857107;19.412117
21.848312;19.411226
21.842272;19.410746
21.833607;19.411055
21.826277;19.411089
21.819584;19.408922
21.812435;19.410101
21.803734;19.410830
21.798155;19.408491
21.789392;19.409430
21.780619;19.410498
21.774017;19.409784
21.767382;19.409142
21.758110;19.409634
21.751022;19.408245
21.741732;19.408964
21.732838;19.407442
21.726025;19.407255
21.719183;19.407145
21.710569;19.406847
21.700211;19.406408
21.691502;19.406376
21.682751;19.406467
21.674017;19.406651
21.664755;19.406086
21.655937;19.406521
21.647829;19.405478
21.637896;19.404442
21.630205;19.404472
21.618301;19.403704
21.610039;19.403093
21.597982;19.402687
21.588299;19.403236
21.577362;19.402338
21.566994;19.402380
21.556570;19.402584
21.546753;19.401196
21.534992;19.400126
21.523769;19.400032
21.513750;19.399092
21.499802;19.398897
21.489706;19.398235
21.475548;19.395889
21.465315;19.395550
21.451023;19.396278
21.437302;19.395313
21.425453;19.394096
21.412252;19.394287
21.396236;19.394613
21.382734;19.392597
21.369919;19.391417
21.353506;19.389782
22.000000;20.000000
21.289557;19.389067
21.271797;19.388344
21.253155;19.387320
21.797758;19.836603
21.234907;19.384405
21.213879;19.385170
21.793253;19.839067
21.197762;19.384747
21.189077;19.392897
22.000000;20.000000
21.108976;19.361803
21.106552;19.375620
21.090281;19.379829
22.000000;20.000000
22.000000;20.000000
22.000000;20.000000
22.000000;20.000000
17.820114;17.460230
17.844051;17.540867
17.833134;17.599228
17.827370;17.659956
17.848568;17.735260
22.000000;20.000000
21.795343;19.897255
21.755775;19.902414
21.767128;19.914707
21.766932;19.921291
21.766699;19.921984
21.766647;19.922140
22.000000;20.000000
21.771200;19.927540
22.000000;20.000000
21.764151;19.926624
22.000000;20.000000
21.754219;19.928392
22.000000;20.000000
21.767319;19.933491
22.000000;20.000000
21.766422;19.936708
22.000000;20.000000
21.762753;19.938854
22.000000;20.000000
21.756365;19.939642
22.000000;20.000000
21.763464;19.944328
22.000000;20.000000
22.000000;20.000000
22.000000;20.000000
22.000000;20.000000
22.000000;20.000000
22.000000;20.000000
22.000000;20.000000
22.000000;20.000000
16.215563;19.174807
22.000000;20.000000
22.000000;20.000000
12.716298;19.003782
12.745185;19.115351
12.498379;19.202873
12.412971;19.307604
12.473459;19.422976
12.408477;19.530642
12.462637;19.644140
12.456948;19.865498
12.456030;19.976210
12.388391;20.086624
12.416018;20.196663
12.418914;20.306910
12.363136;20.419725
12.453424;20.524977
12.452112;20.635302
12.501925;20.741835
12.392565;20.861687
12.479722;20.964399
21.793198;20.022291
22.000000;20.000000
22.000000;20.000000
22.000000;20.000000
22.000000;20.000000
15.896458;20.975466
16.232342;20.989964
16.548195;21.012342
16.808401;21.025948
17.099487;21.027142
17.336180;21.033684
17.557737;21.038336
17.628241;21.075047
22.000000;20.000000
17.851057;21.122086
22.000000;20.000000
22.000000;20.000000
22.000000;20.000000
22.000000;20.000000
22.000000;20.000000
18.691099;21.152903
19.011175;21.080097
19.082798;21.092319
19.188799;21.089666
19.260101;21.098755
19.370028;21.090256
19.400024;21.120129
19.399689;21.149359
19.373991;21.204325
19.266865;21.284670
19.416122;21.258354
19.425375;21.283915
19.427349;21.327589
19.417830;21.363375
19.423273;21.398964
19.424829;21.437044
19.426058;21.475775
19.417646;21.521004
19.414927;21.563278
19.417093;21.603180
19.410561;21.649151
19.403076;21.696581
19.407146;21.737167
19.407690;21.780718
20.287373;21.217009
20.330015;21.216351
20.363472;21.221287
22.000000;20.000000
20.441061;21.220701
20.476391;21.221811
20.511147;21.228094
20.544949;21.223366
22.000000;20.000000
20.607197;21.232761
20.642342;21.230036
20.734426;21.173626
20.781488;21.156561
20.810455;21.160702
20.855186;21.170116
20.880585;21.171028
20.902435;21.175165
21.686794;20.336901
20.930971;21.171568
20.975243;21.149553
20.959095;21.195299
20.994411;21.182158
22.000000;20.000000
21.705532;20.384115
21.731850;20.368824
22.000000;20.000000
21.738003;20.365866
22.000000;20.000000
21.740479;20.374947
21.744286;20.378759
21.726656;20.430561
21.731810;20.431438
21.739424;20.430243
21.746866;20.431189
21.754326;20.432034
21.755527;20.437304
21.756317;20.448017
21.757359;20.461050
21.754295;20.475241
22.000000;20.000000
21.754887;20.487888
22.000000;20.000000
21.753313;20.502739
22.000000;20.000000
22.000000;20.000000
21.459301;21.196501
21.478550;21.197382
21.492949;21.194864
21.509502;21.194191
21.528858;21.193363
21.541883;21.193069
21.556450;21.196428
21.574902;21.196743
21.590109;21.197809
21.606419;21.194847
21.620306;21.199331
21.635698;21.198872
21.650074;21.201063
21.665911;21.198299
21.680235;21.200130
21.692020;21.201145
21.710043;21.199450
21.724308;21.200758
21.738682;21.201920
21.752842;21.203892
21.767279;21.203709
21.781971;21.202393
21.795818;21.204821
21.809965;21.206121
21.824402;21.205276
21.838678;21.204243
21.847689;21.205416
21.861567;21.207088
21.875885;21.205627
21.889879;21.206987
21.903967;21.207186
21.917843;21.210215
21.932003;21.211092
21.946102;21.210800
21.960184;21.210346
21.974205;21.211725
21.988264;21.211943
