22.004776;21.214991
22.018839;21.212854
22.032873;21.215555
22.046932;21.214094
22.060997;21.215471
22.075092;21.214682
22.089178;21.213728
22.103592;21.216599
22.117678;21.216320
22.132212;21.218851
22.146341;21.217234
22.161106;21.220411
22.175112;21.217472
22.189991;21.220299
22.204134;21.218012
22.219488;21.222452
22.230778;21.219353
22.248669;21.221954
22.261299;21.224428
22.278950;21.224632
22.293837;21.224230
22.308264;21.221708
22.323952;21.223852
22.339996;21.226757
22.355316;21.226572
22.370390;21.225239
22.385363;21.223759
22.401712;21.225857
22.418486;21.228687
22.431999;21.230364
22.451696;21.231792
22.465368;21.233109
22.217340;20.512846
22.217262;20.496550
22.219915;20.484419
22.217752;20.467804
22.218187;20.449883
22.221157;20.442848
22.227152;20.442053
22.232691;20.442554
22.000000;20.000000
22.239712;20.443344
22.000000;20.000000
22.246254;20.443180
22.236158;20.386572
22.235315;20.375334
22.000000;20.000000
22.244522;20.380148
22.000000;20.000000
22.251921;20.380095
22.000000;20.000000
22.261084;20.385994
22.000000;20.000000
22.000000;20.000000
22.938419;21.269886
22.330496;20.438375
22.948742;21.253424
23.006723;21.298445
22.999952;21.259270
23.034559;21.272512
23.034985;21.248877
23.096632;21.292448
23.101757;21.262976
23.127657;21.262789
23.151466;21.265562
23.181063;21.268219
23.208805;21.268187
23.242167;21.273523
23.268162;21.270351
23.302822;21.275141
23.331982;21.273764
23.361282;21.271881
23.397364;21.275555
23.426418;21.277716
23.459959;21.277546
23.500942;21.277502
23.536674;21.283215
23.572380;21.282366
23.600449;21.274630
23.640388;21.275621
23.694103;21.286137
23.741850;21.290808
23.786686;21.292198
23.830969;21.292143
23.881683;21.301620
23.930643;21.302635
23.984762;21.306175
24.035973;21.306284
24.090837;21.307499
24.143440;21.306051
24.199722;21.305597
24.271864;21.313017
24.346207;21.319914
24.397326;21.312296
24.483885;21.322464
24.553106;21.321846
26.277653;22.175339
26.506393;22.161579
22.000000;20.000000
26.373417;22.035728
26.357359;21.967585
26.355156;21.906078
25.463972;21.459789
25.608179;21.432117
22.000000;20.000000
25.780476;21.449968
25.871925;21.434168
25.875118;21.384443
26.018433;21.383724
26.203176;21.393013
26.359118;21.388784
26.598566;21.407005
26.786343;21.403948
27.082336;21.427477
27.420172;21.454744
27.647873;21.445833
27.913679;21.454815
22.000000;20.000000
22.000000;20.000000
22.000000;20.000000
22.000000;20.000000
32.529488;21.828079
22.000000;20.000000
32.529255;21.702457
32.445442;21.564791
32.493462;21.448755
22.000000;20.000000
22.000000;20.000000
22.000000;20.000000
32.673435;20.724585
32.597252;20.596003
32.582428;20.473108
32.525208;20.349274
32.590534;20.228491
32.613461;20.106846
32.602989;19.983736
32.489109;19.863226
22.262945;19.994656
22.264929;19.993853
31.558098;19.764444
22.000000;20.000000
22.000000;20.000000
22.000000;20.000000
26.783846;19.594507
22.000000;20.000000
26.378717;19.578058
22.247576;19.943232
22.244614;19.943739
22.242847;19.940628
22.243111;19.937565
22.246765;19.935719
22.243874;19.932661
22.000000;20.000000
22.245712;19.928158
22.000000;20.000000
22.246561;19.927498
22.243914;19.925627
22.000000;20.000000
22.244158;19.923037
22.000000;20.000000
22.244373;19.920437
22.000000;20.000000
22.000000;20.000000
22.000000;20.000000
22.243658;19.912184
22.000000;20.000000
22.246380;19.907988
22.000000;20.000000
22.000000;20.000000
22.000000;20.000000
23.297094;19.454842
23.253124;19.456276
23.216614;19.455261
23.183636;19.450424
23.145660;19.451946
23.116800;19.449743
23.083639;19.450499
23.054140;19.449993
23.021856;19.448883
22.995670;19.450993
22.971487;19.446703
22.946930;19.446165
22.919008;19.448090
22.896904;19.444492
22.874416;19.444401
22.852833;19.444122
22.833078;19.443239
22.812540;19.443222
22.793806;19.442532
22.772312;19.441660
22.755337;19.440477
22.737698;19.440287
22.720100;19.440357
22.699863;19.440529
22.684093;19.440115
22.669888;19.438639
22.653519;19.439432
22.639458;19.438488
22.622049;19.438484
22.608149;19.438093
22.594324;19.437946
22.582537;19.438633
22.568336;19.436977
22.555502;19.436884
22.543379;19.436237
22.530073;19.434626
22.518751;19.433678
22.505531;19.435198
22.494339;19.434641
22.483850;19.433506
22.472761;19.433308
22.460537;19.432316
22.450195;19.431713
22.440542;19.433037
22.430912;19.431948
22.418268;19.430000
22.408806;19.431778
22.398060;19.430286
22.389864;19.430696
22.379253;19.429569
22.371094;19.430185
22.361111;19.428532
22.351835;19.428640
22.342611;19.428885
22.332237;19.428564
22.323614;19.428228
22.316776;19.427837
22.307745;19.428604
22.299240;19.428616
22.289572;19.428135
22.282036;19.426609
22.275337;19.426689
22.265715;19.426573
22.259081;19.426834
22.251665;19.425724
22.242159;19.425989
22.233973;19.426922
22.226942;19.425177
22.219601;19.424473
22.212217;19.423841
22.202913;19.424738
22.196852;19.424749
22.188635;19.423056
22.180058;19.422415
22.174334;19.421707
22.168333;19.422014
22.159540;19.422636
22.151356;19.421471
22.146946;19.421368
22.139753;19.421646
22.132812;19.421038
22.124596;19.420237
22.118942;19.420073
22.110794;19.419477
22.102247;19.420958
22.097132;19.418051
22.088842;19.418751
22.081953;19.418749
22.076359;19.418997
22.070896;19.418304
22.061468;19.418238
22.054678;19.418566
22.050583;19.417191
22.042515;19.417549
22.034525;19.417021
22.027769;19.417662
22.021103;19.416382
22.014387;19.416178
22.008886;19.417068
22.003471;19.416010
21.994177;19.416029
21.987459;19.416134
21.981974;19.416279
21.975218;19.415525
21.968386;19.414854
21.961655;19.415257
21.953642;19.415836
21.948124;19.415297
21.941244;19.414944
21.935587;19.413527
21.927553;19.414465
21.920687;19.414347
21.912371;19.413511
21.906706;19.413372
21.901089;19.413279
21.891764;19.414927
21.884460;19.413267
21.878752;19.413401
21.871368;19.411903
21.864330;19.412460
21.857107;19.412117
21.851156;19.411531
21.843826;19.411366
21.835232;19.411636
21.827576;19.410707
21.820225;19.410816
21.813793;19.409672
21.807636;19.409546
21.798914;19.410345
21.791086;19.409889
21.782322;19.410933
21.775730;19.410200
21.767439;19.409119
21.760773;19.408548
21.752827;19.408573
21.744795;19.408726
21.735077;19.408628
21.727863;19.407509
21.719297;19.407091
21.710741;19.406763
21.702084;19.406584
21.692133;19.407175
21.684231;19.405678
21.677229;19.406034
21.666611;19.406187
21.657305;19.405731
21.648396;19.406305
21.639727;19.404501
21.630262;19.404438
21.618841;19.404545
21.611132;19.404766
21.599800;19.402672
21.590067;19.403233
21.581034;19.402197
21.570101;19.401371
21.559038;19.400761
21.548504;19.401125
21.538021;19.399052
21.526104;19.400736
21.514778;19.400833
21.503441;19.398478
21.491390;19.398119
21.479208;19.398010
21.466293;19.397354
21.454624;19.395714
21.440187;19.394001
21.429131;19.396122
21.415211;19.395597
21.399794;19.393896
21.385031;19.393114
21.370834;19.393349
21.355833;19.393145
22.000000;20.000000
22.000000;20.000000
21.291834;19.389486
21.274090;19.388725
21.257586;19.386656
21.239685;19.386446
21.218697;19.387125
21.201878;19.385956
21.792500;19.841682
21.187670;19.389774
22.000000;20.000000
21.119011;19.366688
21.107630;19.374079
21.092236;19.378738
22.000000;20.000000
22.000000;20.000000
17.823772;17.450378
22.000000;20.000000
17.848001;17.530289
17.830881;17.585135
17.855413;17.663130
17.830336;17.712328
17.846640;17.783052
21.794891;19.900429
21.791941;19.901962
22.000000;20.000000
22.000000;20.000000
21.757765;19.905544
21.766794;19.912729
21.768230;19.914606
21.768024;19.918125
21.768211;19.920631
21.764021;19.920534
22.000000;20.000000
22.000000;20.000000
22.000000;20.000000
21.767717;19.935766
22.000000;20.000000
21.765974;19.938391
22.000000;20.000000
21.766335;19.940994
22.000000;20.000000
21.749056;19.940075
21.757721;19.942535
22.000000;20.000000
21.762140;19.945604
22.000000;20.000000
22.000000;20.000000
22.000000;20.000000
22.000000;20.000000
22.000000;20.000000
22.000000;20.000000
22.000000;20.000000
16.279192;19.174927
22.000000;20.000000
22.000000;20.000000
12.807648;18.977911
22.000000;20.000000
12.619284;19.066999
12.399977;19.156603
12.449668;19.272507
12.509789;19.386812
12.444397;19.493822
12.447199;19.604120
12.474597;19.825552
12.422215;19.935720
12.498109;20.045549
12.516274;20.155495
12.391741;20.268133
12.421477;20.378548
12.400500;20.490046
12.491664;20.596054
12.508194;20.705648
12.532882;20.813431
12.484234;20.928932
21.794102;20.021336
22.000000;20.000000
22.000000;20.000000
22.000000;20.000000
22.000000;20.000000
16.171856;20.980225
22.000000;20.000000
16.429918;21.016087
16.753252;21.020132
17.057184;21.020189
17.265718;21.034548
17.536255;21.029825
17.600872;21.068367
17.644569;21.111416
22.000000;20.000000
22.000000;20.000000
22.000000;20.000000
22.000000;20.000000
22.000000;20.000000
18.669662;21.152142
22.000000;20.000000
18.807489;21.146097
19.038326;21.101854
19.163282;21.092993
19.239317;21.100643
19.343346;21.101616
19.409618;21.109524
19.403458;21.147991
19.372463;21.191332
19.298466;21.262550
19.420555;21.249166
19.427029;21.276012
19.420742;21.323492
19.415930;21.364061
19.420061;21.393030
19.426640;21.427958
19.423397;21.469105
19.419903;21.511024
19.419458;21.551428
19.413801;21.595964
19.407145;21.641909
19.401884;21.687424
19.404989;21.728539
19.395317;21.778580
20.279211;21.215870
20.317614;21.217993
20.353542;21.221342
22.000000;20.000000
22.000000;20.000000
20.464165;21.224134
20.498878;21.230494
20.537766;21.227253
22.000000;20.000000
20.586784;21.242878
20.630281;21.233093
20.685009;21.211504
20.760265;21.169048
20.799702;21.158236
22.000000;20.000000
20.849049;21.168295
20.869614;21.174362
20.893745;21.171120
20.921408;21.173658
20.957809;21.160793
22.000000;20.000000
20.990763;21.177727
21.039762;21.174408
21.703939;20.381624
21.728888;20.366653
21.736309;20.367111
21.740011;20.370966
22.000000;20.000000
21.743469;20.376999
21.746756;20.381617
21.722153;20.430052
21.731150;20.431026
21.737337;20.430143
21.744787;20.431124
21.752254;20.432003
21.757284;20.434849
21.756588;20.445887
21.757088;20.457512
21.754416;20.470797
22.000000;20.000000
21.754919;20.483425
21.752371;20.500044
22.000000;20.000000
22.000000;20.000000
22.000000;20.000000
22.000000;20.000000
21.470572;21.197157
21.488827;21.193108
21.503468;21.197109
21.520741;21.194437
21.537521;21.192457
21.551737;21.196806
21.569876;21.198133
21.586746;21.194536
21.601578;21.196404
21.613758;21.197239
21.631205;21.199589
21.646559;21.198992
21.661306;21.200123
21.676439;21.199114
21.688223;21.200165
21.705297;21.202412
21.720398;21.200880
21.734348;21.204042
21.748831;21.204082
21.763393;21.203972
21.777376;21.206635
21.792068;21.205194
21.806540;21.204563
21.820705;21.204731
21.834421;21.208712
21.851162;21.204842
21.865145;21.205481
21.879122;21.205957
21.893120;21.207277
21.906862;21.210423
21.920925;21.209417
21.934906;21.211252
21.948929;21.209923
21.962852;21.210430
21.976858;21.212780
21.990812;21.212965
