22.010941;21.213951
22.025043;21.214743
22.039133;21.214369
22.053144;21.214838
22.067179;21.213140
22.081581;21.217270
22.095619;21.215244
22.110222;21.221035
22.124075;21.216690
22.138182;21.215168
22.153023;21.220444
22.167442;21.220568
22.181738;21.219532
22.195871;21.217342
22.210886;21.220921
22.225216;21.219376
22.239925;21.219625
22.254553;21.219721
22.269117;21.218639
22.285505;21.225174
22.300058;21.223751
22.314732;21.222124
22.330713;21.225149
22.347076;21.228930
22.361475;21.225813
22.378317;21.230141
22.391373;21.231297
22.406885;21.230471
22.425678;21.230448
22.438227;21.229219
22.456617;21.235310
22.476639;21.244871
22.218613;20.509043
22.216532;20.491409
22.216181;20.472933
22.218275;20.455391
22.218189;20.442089
22.223278;20.441782
22.231167;20.442225
22.235792;20.443178
22.242313;20.443068
22.248461;20.444239
22.225370;20.382549
22.234627;20.389839
22.234713;20.378067
22.000000;20.000000
22.243683;20.380688
22.000000;20.000000
22.248343;20.380054
22.252176;20.379925
22.000000;20.000000
22.000000;20.000000
22.000000;20.000000
22.000000;20.000000
22.000000;20.000000
22.948652;21.239668
22.988262;21.260849
22.988424;21.231363
22.296785;20.369587
23.035662;21.259987
22.000000;20.000000
23.089884;21.270603
23.109827;21.263885
23.141796;21.270262
23.164024;21.264915
23.196445;21.270252
23.227064;21.272846
23.251579;21.268492
23.282553;21.270071
23.315166;21.272491
23.342920;21.269516
23.376780;21.271360
23.415194;21.276739
23.443600;21.277967
23.479507;21.279451
23.514112;21.278980
23.555967;21.283453
23.583990;21.275982
23.623051;21.276688
23.667097;21.280310
23.713842;21.284878
23.761719;21.289122
23.808418;21.291088
23.856518;21.299269
23.916460;21.302177
23.952278;21.293669
24.009638;21.304672
24.072084;21.311020
24.116095;21.304739
24.182522;21.310999
24.236423;21.308315
24.305326;21.312967
24.374628;21.316193
24.438274;21.314426
24.503843;21.312517
26.273445;22.201118
26.320152;22.162138
26.532917;22.203241
26.367342;22.060478
26.350033;21.990948
26.354555;21.932240
26.328905;21.861057
25.475401;21.437607
22.000000;20.000000
25.862059;21.452026
22.000000;20.000000
25.868301;21.403376
25.930574;21.374582
26.093151;21.378359
26.281059;21.386555
26.458227;21.387003
26.716452;21.407543
26.944952;21.413473
27.222425;21.427467
27.513151;21.451403
27.916622;21.484447
22.000000;20.000000
22.000000;20.000000
22.000000;20.000000
22.000000;20.000000
22.000000;20.000000
32.470516;21.739346
22.000000;20.000000
32.489986;21.617765
32.406075;21.481451
22.000000;20.000000
22.000000;20.000000
22.000000;20.000000
22.000000;20.000000
32.611500;20.515190
22.000000;20.000000
32.533821;20.388994
32.644001;20.145937
22.000000;20.000000
32.655975;20.022476
22.264992;19.997814
32.499527;19.900341
32.267696;19.782413
22.267935;19.994091
22.000000;20.000000
22.000000;20.000000
22.000000;20.000000
26.845901;19.604685
22.000000;20.000000
26.477568;19.582392
22.000000;20.000000
22.000000;20.000000
22.253159;19.950249
22.245016;19.945522
22.244324;19.942495
22.242226;19.938139
22.000000;20.000000
22.243235;19.934116
22.000000;20.000000
22.000000;20.000000
22.246540;19.927427
22.244253;19.926750
22.000000;20.000000
22.000000;20.000000
22.242714;19.921801
22.000000;20.000000
22.243858;19.918869
22.000000;20.000000
22.244215;19.916796
22.000000;20.000000
22.000000;20.000000
22.000000;20.000000
22.000000;20.000000
22.000000;20.000000
23.305586;19.457008
23.264002;19.453714
23.222876;19.454567
23.186239;19.451288
23.150309;19.454729
23.119333;19.450361
23.088785;19.449594
23.057487;19.449923
23.029535;19.446270
22.996788;19.448881
22.975897;19.448397
22.950914;19.445057
22.922112;19.447428
22.901636;19.442638
22.875687;19.444536
22.854151;19.444313
22.834337;19.443323
22.814619;19.442715
22.794180;19.443064
22.773443;19.441519
22.756889;19.442579
22.738762;19.440037
22.721104;19.440020
22.702820;19.441031
22.684975;19.439611
22.669996;19.438766
22.654331;19.438845
22.639458;19.438488
22.623976;19.439129
22.610804;19.438023
22.594995;19.437202
22.581961;19.436598
22.568939;19.436165
22.555340;19.436724
22.541973;19.434885
22.529911;19.434473
22.519781;19.434624
22.505928;19.434210
22.492819;19.433315
22.482929;19.434036
22.470600;19.432810
22.461409;19.433022
22.451067;19.432405
22.439520;19.430981
22.428074;19.432308
22.418495;19.431408
22.407116;19.430565
22.398823;19.430820
22.388807;19.431187
22.378708;19.429205
22.370602;19.429865
22.360029;19.429033
22.351233;19.428268
22.342009;19.428524
22.331078;19.429047
22.324217;19.428570
22.316063;19.427444
22.307034;19.428221
22.297268;19.427586
22.290066;19.428385
22.282476;19.426826
22.272388;19.427496
22.266155;19.426777
22.256990;19.425894
22.247852;19.425156
22.241222;19.425596
22.233414;19.425615
22.225637;19.425739
22.218607;19.424095
22.210823;19.424395
22.203466;19.423872
22.195803;19.424391
22.187529;19.422695
22.179926;19.423422
22.172882;19.422314
22.165894;19.421309
22.159651;19.422668
22.149885;19.422121
22.144152;19.421696
22.138479;19.421339
22.130257;19.420458
22.123318;19.419964
22.116329;19.419542
22.109217;19.420197
22.101030;19.419729
22.094131;19.419584
22.087337;19.418522
22.081730;19.418718
22.074799;19.418793
22.068050;19.417965
22.061134;19.418203
22.054289;19.418530
22.046255;19.417835
22.039511;19.416336
22.032681;19.416916
22.027100;19.417629
22.019089;19.416311
22.012297;19.417130
22.005478;19.417027
22.000000;19.416000
21.994457;19.416027
21.985107;19.416189
21.979532;19.415358
21.972752;19.415634
21.965860;19.414995
21.957788;19.415522
21.952217;19.414948
21.944088;19.415668
21.938288;19.413237
21.932835;19.414843
21.924635;19.414833
21.916422;19.414940
21.910572;19.413782
21.903776;19.414860
21.896418;19.413071
21.888138;19.413574
21.882183;19.412701
21.875170;19.413130
21.867493;19.410713
21.859426;19.412586
21.853189;19.411022
21.845860;19.410830
21.840012;19.411354
21.832647;19.411325
21.826277;19.410046
21.817263;19.409636
21.809813;19.409891
21.801100;19.410660
21.794529;19.409740
21.785431;19.409794
21.779139;19.409983
21.770344;19.411203
21.763332;19.409674
21.754969;19.408764
21.748194;19.408356
21.738894;19.409121
21.731646;19.407982
21.724831;19.407808
21.716253;19.407433
21.704182;19.406654
21.695948;19.407455
21.688478;19.406828
21.681026;19.406256
21.670004;19.405439
21.661148;19.405832
21.651751;19.405489
21.643555;19.404531
21.633007;19.402742
21.623970;19.403656
21.614904;19.404699
21.604155;19.403374
21.595144;19.402191
21.582926;19.402096
21.573053;19.402946
21.563337;19.401329
21.552174;19.400871
21.542927;19.400333
21.529697;19.400450
21.519089;19.398647
21.505751;19.399166
21.493603;19.398870
21.482056;19.396875
21.468485;19.398087
21.458170;19.397903
21.445721;19.395704
21.430569;19.396139
21.418627;19.395081
21.403934;19.394024
21.389170;19.396040
21.375628;19.394146
22.000000;20.000000
21.359875;19.393236
21.295801;19.389486
21.279608;19.389940
21.261021;19.388779
21.243031;19.388668
21.223995;19.385250
21.794704;19.838833
21.204992;19.385193
21.790558;19.840931
21.189934;19.388432
21.182894;19.397869
22.000000;20.000000
21.107439;19.370874
21.097729;19.379572
21.067337;19.374485
22.000000;20.000000
22.000000;20.000000
17.808455;17.429428
17.826134;17.506432
17.833790;17.576139
17.833570;17.640802
17.839766;17.707632
17.830198;17.765024
21.794203;19.899557
21.792149;19.901524
21.762394;19.902060
21.766977;19.909445
21.769064;19.915241
21.766558;19.919291
21.766699;19.921984
21.763403;19.922392
21.764067;19.923586
22.000000;20.000000
22.000000;20.000000
21.754852;19.926250
21.767248;19.930174
22.000000;20.000000
22.000000;20.000000
21.767803;19.935455
21.766655;19.935858
22.000000;20.000000
22.000000;20.000000
21.764299;19.940887
22.000000;20.000000
21.758894;19.941935
22.000000;20.000000
21.750559;19.942427
22.000000;20.000000
22.000000;20.000000
22.000000;20.000000
22.000000;20.000000
22.000000;20.000000
22.000000;20.000000
22.000000;20.000000
16.306322;19.162117
22.000000;20.000000
22.000000;20.000000
12.862897;18.978733
12.503403;19.049955
12.551792;19.165377
12.450018;19.267927
12.425204;19.377659
12.553486;19.495060
12.473330;19.601543
12.524639;19.823742
12.422235;19.932966
12.388102;20.044233
12.432256;20.155037
12.417705;20.266489
12.463408;20.375977
12.400454;20.489126
12.423740;20.599390
12.423360;20.711031
12.541848;20.812660
12.510111;20.926405
21.794094;20.021257
22.000000;20.000000
22.000000;20.000000
22.000000;20.000000
22.000000;20.000000
22.000000;20.000000
16.153309;20.984497
16.447723;21.013388
16.740589;21.023117
17.062277;21.020124
17.280571;21.032251
17.538303;21.029804
17.606909;21.067793
17.636063;21.114477
22.000000;20.000000
22.000000;20.000000
22.000000;20.000000
22.000000;20.000000
22.000000;20.000000
22.000000;20.000000
18.673664;21.151472
18.824650;21.140625
19.050825;21.098169
19.157999;21.095968
19.241491;21.100697
19.344934;21.094995
19.398909;21.114998
19.401043;21.149952
19.371687;21.199286
19.291704;21.266975
19.415461;21.245520
19.421127;21.279863
19.420361;21.324940
19.418760;21.356562
19.420595;21.394020
19.424702;21.430647
19.418890;21.473314
19.421490;21.511757
19.413349;21.556791
19.415419;21.596678
19.411310;21.641008
19.404533;21.687828
19.400991;21.733360
19.392384;21.783150
20.279095;21.217436
20.318432;21.219122
20.355967;21.221254
22.000000;20.000000
22.000000;20.000000
20.465103;21.225311
20.498278;21.232914
20.539473;21.227730
22.000000;20.000000
20.588608;21.243435
20.630604;21.234945
20.687641;21.211407
20.761387;21.170237
20.800205;21.160196
22.000000;20.000000
20.850283;21.169508
20.867390;21.179161
20.898252;21.173990
20.923435;21.174162
20.958366;21.162636
22.000000;20.000000
20.992655;21.178030
21.037842;21.179295
21.704306;20.381908
21.730825;20.368078
21.738213;20.368473
22.000000;20.000000
21.739479;20.370590
21.743723;20.377171
21.745615;20.382059
21.723309;20.430796
21.729498;20.429991
21.737932;20.431677
21.745903;20.431782
21.750517;20.431002
21.755493;20.433844
21.755733;20.445419
21.757645;20.456676
21.754993;20.472225
21.753855;20.482883
22.000000;20.000000
21.753212;20.498228
22.000000;20.000000
21.757093;20.507902
22.000000;20.000000
22.000000;20.000000
21.470808;21.195076
21.490494;21.194908
21.502779;21.196825
21.520054;21.194160
21.539351;21.193165
21.550934;21.196505
21.566206;21.197872
21.585943;21.194258
21.600777;21.196136
21.615595;21.197830
21.627756;21.198524
21.645639;21.198719
21.660387;21.199863
21.675634;21.198896
21.687416;21.199955
21.702562;21.198647
21.719250;21.201639
21.733425;21.203838
21.747818;21.204891
21.762392;21.204794
21.776268;21.207447
21.790974;21.206020
21.805456;21.205402
21.819748;21.205599
21.833611;21.208601
21.842834;21.204792
21.856939;21.205542
21.870924;21.206114
21.884926;21.207529
21.898909;21.207777
21.912853;21.209866
21.926895;21.210794
21.940878;21.210558
21.954887;21.212160
21.968836;21.212599
21.982904;21.212879
21.996981;21.210997
