22.003609;21.213995
22.017546;21.211872
22.031733;21.216587
22.045614;21.213142
22.059782;21.214529
22.073812;21.214760
22.088188;21.217812
22.102276;21.217712
22.116301;21.215448
22.130810;21.219002
22.145178;21.219389
22.159456;21.219620
22.173876;21.219669
22.188353;21.220552
22.202663;21.219273
22.217554;21.221783
22.231525;21.218193
22.246435;21.219347
22.261911;21.223276
22.274487;21.225639
22.291494;21.222734
22.306147;21.221210
22.321447;21.222443
22.337465;21.225382
22.350767;21.228920
22.368275;21.225876
22.380667;21.225227
22.399597;21.226549
22.413015;21.228428
22.429098;21.229259
22.445030;21.228901
22.463356;21.234934
22.215580;20.511419
22.219854;20.505238
22.218737;20.487144
22.218641;20.469595
22.218107;20.452143
22.219736;20.442438
22.227194;20.442032
22.232691;20.442554
22.238260;20.442991
22.000000;20.000000
22.244793;20.442846
22.251846;20.443480
22.236643;20.387449
22.234749;20.374510
22.244688;20.382418
22.000000;20.000000
22.000000;20.000000
22.250458;20.379862
22.257635;20.384699
22.000000;20.000000
22.000000;20.000000
22.000000;20.000000
22.000000;20.000000
22.000000;20.000000
22.937073;21.244692
22.000000;20.000000
22.992849;21.257240
23.044628;21.297810
23.044468;21.261797
22.000000;20.000000
23.093487;21.266182
23.120024;21.266897
23.147272;21.268017
23.173456;21.267096
23.202400;21.268753
23.235018;21.273502
23.260981;21.270445
23.295588;21.275373
23.322546;21.272043
23.353975;21.272366
23.390743;21.276863
23.418280;21.277796
23.451775;21.277775
23.494555;21.284969
23.524553;21.280554
23.562500;21.281809
23.587410;21.271725
23.631987;21.276638
23.684834;21.286755
23.738129;21.295813
23.773260;21.290272
23.822353;21.293930
23.866835;21.293201
23.922186;21.299076
23.961945;21.298992
24.017084;21.302372
24.079453;21.308712
24.121773;21.301231
24.191666;21.309353
24.259434;21.314516
24.318037;21.312859
24.384783;21.314358
24.464207;21.321098
24.533197;21.327595
26.263367;22.183529
26.354662;22.166893
26.514565;22.181492
26.362112;22.045752
26.342579;21.975967
26.358805;21.922632
25.614532;21.535086
25.477501;21.429893
22.000000;20.000000
25.840757;21.434778
22.000000;20.000000
25.867357;21.394228
25.961672;21.376513
26.135748;21.383440
26.325596;21.391821
26.503872;21.391737
26.732563;21.402473
26.997677;21.418184
27.291609;21.436024
27.562513;21.440474
27.896027;21.467871
22.000000;20.000000
22.000000;20.000000
22.000000;20.000000
22.000000;20.000000
22.000000;20.000000
32.473335;21.722279
22.000000;20.000000
32.451092;21.594334
32.219200;21.438858
22.000000;20.000000
22.000000;20.000000
22.000000;20.000000
22.000000;20.000000
32.213280;20.601915
22.000000;20.000000
32.519238;20.497570
32.628239;20.379217
32.641891;20.257160
32.592163;20.133039
32.388996;20.010956
32.602409;19.888182
22.264975;19.996290
32.209496;19.773855
22.000000;20.000000
22.000000;20.000000
22.000000;20.000000
26.814741;19.603975
22.000000;20.000000
26.447418;19.582193
22.000000;20.000000
22.000000;20.000000
22.251814;19.948629
22.243856;19.944921
22.244499;19.943247
22.243910;19.936663
22.241745;19.936283
22.000000;20.000000
22.000000;20.000000
22.246988;19.928965
22.000000;20.000000
22.000000;20.000000
22.243914;19.925627
22.000000;20.000000
22.000000;20.000000
22.243851;19.918846
22.000000;20.000000
22.241114;19.917000
22.000000;20.000000
22.242718;19.912523
22.000000;20.000000
22.000000;20.000000
22.000000;20.000000
22.000000;20.000000
23.302801;19.455526
23.262480;19.455233
23.224102;19.454863
23.190186;19.450293
23.150373;19.452536
23.120600;19.450672
23.090940;19.449425
23.058796;19.450274
23.032059;19.448862
22.999891;19.448292
22.975208;19.447180
22.952311;19.445465
22.925268;19.446861
22.903074;19.443064
22.878016;19.444473
22.858479;19.445473
22.834978;19.444283
22.816086;19.443090
22.796101;19.440578
22.777386;19.440145
22.757214;19.441332
22.741907;19.439219
22.724335;19.439291
22.704010;19.439312
22.687895;19.441612
22.672913;19.440702
22.656818;19.438675
22.641232;19.438995
22.626539;19.438993
22.612114;19.436493
22.596855;19.437716
22.583815;19.437077
22.570892;19.436720
22.557283;19.437241
22.545904;19.435896
22.533140;19.436140
22.521189;19.435921
22.508005;19.434729
22.496189;19.434933
22.485695;19.433769
22.475294;19.432817
22.463053;19.431782
22.453321;19.432924
22.443636;19.431644
22.431572;19.431192
22.421373;19.431046
22.410028;19.430193
22.399424;19.431242
22.391794;19.430809
22.381121;19.429611
22.373062;19.430275
22.363737;19.430201
22.355043;19.429449
22.345810;19.429646
22.337191;19.429148
22.328550;19.428743
22.318743;19.427786
22.308439;19.427841
22.299459;19.428730
22.291451;19.427969
22.283464;19.427315
22.275448;19.426743
22.267511;19.426304
22.259602;19.425974
22.252987;19.426304
22.242603;19.425091
22.236879;19.427036
22.227308;19.424246
22.219902;19.423517
22.213085;19.425226
22.205338;19.425598
22.198336;19.424202
22.189741;19.423418
22.182438;19.423162
22.175734;19.421085
22.168112;19.421949
22.161863;19.423285
22.153372;19.423037
22.146669;19.421297
22.140696;19.421875
22.132479;19.420961
22.126820;19.420719
22.118608;19.420004
22.111628;19.419638
22.105991;19.419598
22.097635;19.420162
22.089622;19.418871
22.085239;19.419222
22.077082;19.419092
22.070219;19.419230
22.063641;19.417465
22.056684;19.418758
22.050079;19.417147
22.042084;19.416515
22.035252;19.417065
22.029779;19.417761
22.023022;19.417456
22.016348;19.416229
22.009613;19.417080
22.002855;19.416006
21.994848;19.416023
21.988131;19.416121
21.981382;19.415297
21.974602;19.415552
21.967934;19.416882
21.962328;19.415213
21.955603;19.415684
21.948828;19.416239
21.941818;19.413881
21.935190;19.415583
21.928293;19.415380
21.921305;19.414263
21.914282;19.413227
21.907326;19.413275
21.900414;19.413393
21.894730;19.413370
21.887613;19.412657
21.878077;19.413540
21.873230;19.411499
21.866247;19.412022
21.859026;19.411654
21.850479;19.411703
21.844391;19.411215
21.835796;19.411478
21.828140;19.410542
21.820732;19.410662
21.813303;19.410875
21.805542;19.410231
21.798065;19.410635
21.791538;19.409729
21.782774;19.410767
21.776127;19.410049
21.768202;19.409893
21.759922;19.408894
21.753168;19.408430
21.745192;19.408554
21.735416;19.408476
21.728621;19.408262
21.720064;19.407833
21.712334;19.405989
21.702816;19.407335
21.694126;19.407269
21.685770;19.404863
21.676147;19.406624
21.666895;19.406029
21.657532;19.405600
21.648623;19.406170
21.640472;19.405218
21.632273;19.404369
21.619013;19.404436
21.612015;19.402998
21.600471;19.403425
21.591497;19.402252
21.579256;19.402224
21.570742;19.402142
21.560417;19.399748
21.548561;19.401081
21.536812;19.399982
21.526781;19.401474
21.515532;19.398939
21.502174;19.399527
21.492035;19.398884
21.480537;19.396864
21.466293;19.397354
21.453293;19.396917
21.441544;19.395470
21.429073;19.396177
21.415152;19.395655
21.400440;19.394665
21.385628;19.393934
21.370718;19.393469
21.355774;19.393208
22.000000;20.000000
22.000000;20.000000
21.291718;19.389624
21.273973;19.388865
21.256119;19.388437
21.239508;19.386665
21.219873;19.385628
21.793154;19.840828
21.200909;19.385576
21.189035;19.391285
22.000000;20.000000
21.116333;19.365276
21.109028;19.375568
21.091938;19.379173
22.000000;20.000000
22.000000;20.000000
17.819136;17.450298
22.000000;20.000000
17.831966;17.523994
17.827761;17.586533
17.844484;17.660118
17.851164;17.726343
17.838305;17.781679
21.794844;19.900526
21.790094;19.901190
22.000000;20.000000
22.000000;20.000000
21.758543;19.903574
21.766928;19.912373
21.768551;19.913740
21.768507;19.916769
21.764143;19.920172
21.766005;19.927399
22.000000;20.000000
22.000000;20.000000
21.767466;19.932978
22.000000;20.000000
21.767675;19.935923
22.000000;20.000000
22.000000;20.000000
21.758451;19.939545
22.000000;20.000000
21.763081;19.941643
21.748037;19.940035
21.765421;19.944742
22.000000;20.000000
22.000000;20.000000
22.000000;20.000000
22.000000;20.000000
22.000000;20.000000
17.675547;19.226980
22.000000;20.000000
22.000000;20.000000
16.266445;19.179260
22.000000;20.000000
22.000000;20.000000
12.678350;18.973486
22.000000;20.000000
12.731845;19.087166
12.483774;19.174078
12.508738;19.287073
12.433301;19.392000
12.477823;19.505663
12.387836;19.611814
12.440408;19.835928
12.490152;19.946207
12.431170;20.056879
12.423474;20.168037
12.384059;20.279419
12.421919;20.389568
12.494943;20.496189
12.382580;20.614000
12.509012;20.716568
12.424238;20.833864
12.477347;20.940664
21.793131;20.021658
22.000000;20.000000
22.000000;20.000000
22.000000;20.000000
22.000000;20.000000
16.230360;20.978350
22.000000;20.000000
16.540361;21.002972
16.819300;21.013992
17.077162;21.022957
17.305201;21.032524
17.577579;21.026545
17.620871;21.070183
17.648109;21.117180
17.834211;21.121073
22.000000;20.000000
22.000000;20.000000
22.000000;20.000000
22.000000;20.000000
18.686546;21.151995
22.000000;20.000000
18.940945;21.103489
19.062500;21.097994
19.178019;21.092289
19.251221;21.100788
19.352530;21.102869
19.400406;21.118488
19.384501;21.154573
19.368948;21.198099
19.264439;21.284208
19.423557;21.246187
19.422846;21.283325
19.423031;21.327942
19.420938;21.367113
19.425985;21.395575
19.425751;21.434589
19.423473;21.475286
19.418203;21.518009
19.414585;21.560778
19.417564;21.600145
19.407450;21.647989
19.405800;21.691608
19.411467;21.731039
19.399385;21.782755
20.283876;21.217266
20.322262;21.219292
20.358175;21.222548
22.000000;20.000000
20.438988;21.219671
20.473003;21.227177
20.508190;21.227652
20.541533;21.228626
22.000000;20.000000
20.599665;21.236319
20.634132;21.234377
20.712296;21.190937
20.769045;21.165236
20.807354;21.160383
20.850704;21.171324
20.874058;21.174471
20.899265;21.174940
21.689095;20.334942
20.927824;21.171402
20.968147;21.153944
20.955832;21.195107
20.993786;21.178995
22.000000;20.000000
21.705515;20.382841
21.731249;20.368387
22.000000;20.000000
21.738440;20.367407
22.000000;20.000000
21.739651;20.373154
21.740339;20.383335
21.725458;20.430984
21.732100;20.431618
21.740622;20.430965
21.745296;20.430264
21.753704;20.431679
21.756310;20.436594
21.755125;20.446226
21.755680;20.460161
21.755989;20.472740
22.000000;20.000000
21.754467;20.484316
22.000000;20.000000
21.754580;20.501131
22.000000;20.000000
22.000000;20.000000
21.456869;21.197596
21.477058;21.196732
21.494095;21.195351
21.506491;21.197277
21.527485;21.192820
21.543142;21.193552
21.554491;21.197834
21.572298;21.200062
21.589495;21.195484
21.604761;21.196405
21.618855;21.199921
21.633558;21.201357
21.645428;21.202827
21.664648;21.197947
21.678968;21.199793
21.693649;21.200529
21.708662;21.199116
21.722927;21.200439
21.736872;21.203573
21.751343;21.203583
21.765970;21.202436
21.779755;21.206055
21.794149;21.205551
21.808817;21.202902
21.822639;21.206028
21.836794;21.206007
21.849653;21.205662
21.863646;21.206318
21.877850;21.205830
21.891642;21.208151
21.905741;21.208328
21.919649;21.209333
21.933512;21.211176
21.947611;21.210867
21.961544;21.211390
21.975580;21.212753
21.989534;21.212955
