20.014050;23.052967
20.049171;23.052605
20.084923;23.074827
20.120605;23.081640
20.156099;23.081049
20.192158;23.089029
20.227314;23.081627
20.263262;23.084787
20.300085;23.095488
20.336407;23.095776
20.359934;22.991425
20.376429;22.803844
20.390604;22.675638
20.412321;22.613676
20.438852;22.588057
20.469492;22.587755
20.500370;22.588074
20.541977;22.639940
20.610016;22.837162
20.712591;23.138111
20.753136;23.147139
20.788317;23.134386
20.827896;23.138647
20.867144;23.140482
20.902962;23.128290
20.000000;20.000000
21.822165;25.894796
20.415962;21.218983
20.424952;21.199978
20.439533;21.196844
20.456944;21.201012
20.217539;20.509502
20.217100;20.495529
20.220385;20.482008
20.218714;20.464041
20.218035;20.446621
20.220392;20.443230
20.227364;20.441944
20.000000;20.000000
20.234346;20.442812
20.000000;20.000000
20.240423;20.441820
20.247484;20.442493
20.236605;20.388643
20.000000;20.000000
20.233156;20.369604
20.244442;20.381388
20.000000;20.000000
20.250498;20.381035
20.000000;20.000000
20.261608;20.388052
20.000000;20.000000
20.000000;20.000000
20.332268;20.442049
20.865124;21.141132
20.318722;20.412138
20.904676;21.164982
20.916885;21.152843
20.929440;21.136295
20.928547;21.113688
20.993343;21.163689
21.006117;21.151333
21.028629;21.150118
21.052031;21.149172
21.081018;21.153673
21.103327;21.150438
21.131899;21.153370
21.160791;21.155684
21.184872;21.152599
21.213009;21.157990
21.240145;21.156918
21.275654;21.162663
21.299511;21.157095
21.332354;21.159134
21.366283;21.161085
21.395821;21.158569
21.434801;21.163080
21.451223;21.148979
21.498474;21.158365
21.539574;21.167192
21.583555;21.171858
21.619631;21.169958
21.659248;21.169527
21.706488;21.173431
21.744070;21.169708
21.790049;21.170916
21.842297;21.174805
21.885529;21.171829
21.940054;21.174740
21.995758;21.177046
22.043970;21.179739
22.100239;21.179949
22.163799;21.182846
22.229471;21.185364
22.291042;21.184216
22.356455;21.183592
22.433054;21.186634
22.504499;21.185715
22.596237;21.192478
22.673841;21.190758
22.750038;21.193855
22.853123;21.199467
22.960400;21.204348
23.071882;21.208361
23.173563;21.206038
23.287794;21.205988
23.420353;21.209784
23.548807;21.208706
23.707031;21.214790
23.875553;21.229815
24.060791;21.236931
24.248613;21.240469
24.487122;21.253803
24.640491;21.238808
26.460201;21.659727
25.653479;21.369555
20.000000;20.000000
25.998512;21.319853
20.000000;20.000000
26.606522;21.293718
20.000000;20.000000
20.000000;20.000000
20.000000;20.000000
20.000000;20.000000
20.000000;20.000000
20.000000;20.000000
32.473701;21.408735
32.344944;21.249340
20.000000;20.000000
20.000000;20.000000
32.555359;20.540808
32.430851;20.391037
32.477520;20.248856
32.294571;20.102551
20.264000;19.999975
32.294937;19.961102
32.392651;19.817015
20.264917;19.993420
32.332714;19.674768
20.000000;20.000000
20.000000;20.000000
20.000000;20.000000
20.000000;20.000000
26.106302;19.484772
26.079067;19.416561
20.000000;20.000000
20.246740;19.944071
20.244753;19.944349
20.242733;19.940163
20.000000;20.000000
20.244608;19.935379
20.242294;19.934471
20.000000;20.000000
20.246740;19.931768
20.000000;20.000000
20.248814;19.928078
20.000000;20.000000
20.243927;19.925673
20.000000;20.000000
20.000000;20.000000
20.244389;19.920485
20.242792;19.918837
20.246475;19.917236
20.000000;20.000000
20.000000;20.000000
20.000000;20.000000
20.000000;20.000000
20.000000;20.000000
20.000000;20.000000
21.539988;19.356573
21.484238;19.355825
21.436510;19.356636
21.396328;19.355244
21.358055;19.353701
21.316774;19.351057
21.277946;19.351660
21.242857;19.351225
21.207996;19.351629
21.182882;19.347322
21.183996;19.328825
21.185637;19.309601
21.185272;19.291273
21.188120;19.270885
21.183813;19.254486
21.186850;19.236908
21.187872;19.212862
21.192848;19.193333
21.189985;19.174992
21.190931;19.153713
21.191628;19.132416
21.190739;19.107653
21.197399;19.084967
21.196941;19.063126
21.196915;19.040546
21.194206;19.019749
21.198067;18.993093
21.195402;18.971436
21.196896;18.945740
21.198057;18.919987
21.200882;18.891922
21.201965;18.869612
21.201456;18.838644
21.201408;18.811422
21.204979;18.785278
21.209597;18.751993
21.205353;18.727154
21.210878;18.691236
21.209026;18.662441
21.209314;18.630516
21.212288;18.594620
21.215372;18.557827
21.216921;18.527857
21.211035;18.493385
21.221592;18.450663
21.220615;18.414410
21.217760;18.379572
21.218990;18.338139
21.218256;18.298088
21.570040;17.762980
21.565451;17.713562
21.560480;17.663122
21.556728;17.609142
21.564495;17.535671
21.578760;17.460785
21.587540;17.379349
21.579391;17.323214
21.578884;17.252331
21.571310;17.190561
21.534311;17.180428
21.487000;17.190218
21.444510;17.192860
21.409613;17.180763
21.363272;17.192486
21.322353;17.195080
21.288479;17.182655
21.250034;17.180696
21.259872;17.067154
21.256775;16.978991
21.251888;16.889473
21.256691;16.769848
21.227539;16.734076
20.000000;20.000000
20.000000;20.000000
20.000000;20.000000
21.045155;16.773033
21.009729;16.754442
20.000000;20.000000
20.000000;20.000000
20.000000;20.000000
21.434359;14.553714
21.376196;14.517073
21.329214;14.431444
21.289772;14.362662
21.210567;14.351260
21.149317;14.316034
21.098131;14.293703
21.015917;14.297791
20.000000;20.000000
20.000000;20.000000
21.551678;9.284766
21.424370;9.289295
21.288475;9.368795
21.180292;9.215395
21.049757;9.257168
20.916838;9.341360
20.801878;9.213766
20.678076;9.183232
20.551430;9.198066
20.428858;9.148471
20.298120;9.317159
20.174875;9.271425
20.050812;9.184119
19.925636;9.227257
19.799875;9.185851
19.674440;9.188901
19.549047;9.193405
19.428885;9.296226
20.000000;20.000000
20.000000;20.000000
20.000000;20.000000
20.000000;20.000000
20.000000;20.000000
20.000000;20.000000
20.000000;20.000000
20.000000;20.000000
20.000000;20.000000
20.000000;20.000000
20.000000;20.000000
20.000000;20.000000
20.000000;20.000000
20.000000;20.000000
20.000000;20.000000
20.000000;20.000000
18.028147;12.288100
20.000000;20.000000
18.038717;13.006822
18.087915;13.474363
18.015852;13.508460
20.000000;20.000000
20.000000;20.000000
20.000000;20.000000
20.000000;20.000000
20.000000;20.000000
20.000000;20.000000
17.963171;14.899668
17.986189;15.122368
17.996437;15.302428
17.994463;15.444964
17.981045;15.555032
17.985596;15.698294
17.985804;15.825525
17.990410;15.954653
17.984667;16.059454
17.969357;16.140621
17.980875;16.268219
17.982924;16.373169
17.981173;16.467140
17.974241;16.548580
17.964792;16.622845
17.959421;16.701109
17.970055;16.801834
17.966612;16.892086
17.968025;16.971521
17.969870;17.048849
17.957670;17.103653
17.947050;17.159151
17.955294;17.238609
17.957243;17.307131
17.956207;17.369701
17.951984;17.426451
17.949432;17.483715
17.941286;17.533207
17.938793;17.587667
17.943209;17.648621
17.949423;17.709888
17.945967;17.758896
17.942684;17.806942
17.934698;17.848988
17.937220;17.900908
17.925493;17.946470
17.924940;17.984169
17.928261;18.131311
17.918728;18.166048
17.925634;18.214453
17.925728;18.256012
17.921865;18.293518
17.923273;18.334633
17.926771;18.376913
19.794785;19.840355
19.791599;19.839569
17.920794;18.410789
17.918528;18.446976
17.940264;18.500071
20.000000;20.000000
17.879723;18.530027
17.892633;18.574888
20.000000;20.000000
17.900486;18.717953
17.908960;18.756197
17.902460;18.785049
17.903316;18.817814
17.903770;18.849911
17.896639;18.877804
20.000000;20.000000
19.795038;19.897863
19.800728;19.902149
19.766962;19.912283
19.766171;19.917370
19.765999;19.920925
19.768177;19.923883
20.000000;20.000000
19.763273;19.926077
20.000000;20.000000
19.765078;19.927011
19.767275;19.930086
20.000000;20.000000
19.761774;19.931065
20.000000;20.000000
20.000000;20.000000
19.767141;19.937885
20.000000;20.000000
19.765594;19.939850
20.000000;20.000000
19.753036;19.940624
19.763689;19.943377
20.000000;20.000000
19.760244;19.944927
20.000000;20.000000
20.000000;20.000000
20.000000;20.000000
20.000000;20.000000
20.000000;20.000000
20.000000;20.000000
20.000000;20.000000
20.000000;20.000000
20.000000;20.000000
20.000000;20.000000
12.783429;19.180080
12.553473;19.242064
12.566097;19.330383
12.563814;19.417055
12.578458;19.505466
12.552253;19.590441
12.558992;19.677343
20.000000;20.000000
12.479268;19.936546
12.562039;20.024246
12.521815;20.110420
12.574563;20.195107
12.484365;20.284033
12.524087;20.368706
12.513851;20.455599
12.524574;20.541332
12.425669;20.636171
12.476295;20.719177
19.796053;20.020758
12.588473;20.794600
12.404555;20.903559
20.000000;20.000000
12.443194;21.075817
20.000000;20.000000
20.000000;20.000000
14.430548;21.002735
14.799927;20.998127
15.093947;21.000347
15.334510;21.007338
15.561878;21.011822
15.784815;21.012148
15.959633;21.019472
16.176577;21.011660
16.317608;21.019815
16.498970;21.021469
16.650631;21.019176
16.784595;21.018974
20.000000;20.000000
16.936712;21.049244
17.071480;21.040878
17.187803;21.036127
17.264376;21.043814
17.351906;21.045471
17.445215;21.049627
17.519238;21.053015
17.594818;21.054028
17.682936;21.047886
17.716093;21.064974
17.766459;21.073206
17.762924;21.107027
17.787609;21.127216
17.848661;21.127733
17.903259;21.130312
17.954882;21.139198
18.013367;21.137016
18.054457;21.138147
18.101175;21.146294
18.142653;21.150862
18.205915;21.140675
18.241158;21.147375
18.286169;21.146572
18.321026;21.151669
18.371309;21.145185
18.402662;21.151293
18.437845;21.153706
18.476852;21.152441
20.000000;20.000000
18.547277;21.158344
20.000000;20.000000
18.609943;21.162363
18.646311;21.158901
18.688423;21.149481
18.725775;21.143370
18.725868;21.170252
18.767216;21.158926
18.794727;21.164598
18.817835;21.163944
18.876844;21.163275
18.902765;21.163134
18.925821;21.165489
19.688429;20.341127
18.953354;21.162165
19.001253;21.135187
18.979832;21.186794
19.087355;21.117733
19.701511;20.383537
19.720581;20.376678
19.735937;20.368076
20.000000;20.000000
19.739653;20.371933
19.740063;20.377090
19.747761;20.378681
19.721411;20.429573
19.729876;20.431408
19.737890;20.431652
19.743053;20.430092
19.751019;20.430136
19.755522;20.431562
19.756695;20.443665
19.756096;20.452446
19.755325;20.466759
19.755716;20.479343
20.000000;20.000000
19.754436;20.493254
20.000000;20.000000
19.753647;20.509575
20.000000;20.000000
20.000000;20.000000
19.510506;21.106569
19.525740;21.106659
19.539268;21.110195
19.538767;21.148872
20.000000;20.000000
19.534042;21.235023
19.548401;21.240347
19.566107;21.244532
19.567371;21.279858
19.566658;21.332296
19.563576;21.385908
19.558277;21.461714
19.556070;21.533018
19.547350;21.619947
19.542702;21.713011
19.537193;21.818018
19.528873;21.926222
20.000000;20.000000
19.469742;22.382710
20.000000;20.000000
20.000000;20.000000
19.430754;23.018799
19.461637;23.048834
19.600351;22.459745
19.536591;23.033812
19.592497;23.028709
19.627048;23.038195
19.662247;23.040297
19.696550;23.053961
19.732578;23.047289
19.767502;23.052158
19.802309;23.059620
19.838053;23.051706
19.872507;23.069353
19.908482;23.058632
19.943748;23.055483
19.978699;23.085926
