20.030783;23.057844
20.066601;23.073278
20.102251;23.081305
20.137917;23.084919
20.174425;23.096090
20.209763;23.089888
20.245296;23.087271
20.280890;23.085239
20.318398;23.098684
20.360958;23.155422
20.369568;22.880388
20.377306;22.694714
20.425238;22.801914
20.422344;22.580669
20.453041;22.581549
20.484922;22.587961
20.517986;22.598883
20.590889;22.825884
20.693750;23.137209
20.733732;23.144531
20.770813;23.139767
20.810129;23.143280
20.846758;23.135683
20.888243;23.143932
20.926901;23.142138
20.000000;20.000000
21.826216;25.787720
20.415831;21.204226
20.429321;21.198421
20.448277;21.198936
20.213882;20.515381
20.218554;20.506891
20.217506;20.488791
20.217529;20.471214
20.217926;20.455559
20.218334;20.443132
20.225752;20.442770
20.229851;20.442909
20.237362;20.442339
20.243433;20.443596
20.248568;20.443033
20.229279;20.386047
20.236183;20.391237
20.000000;20.000000
20.234692;20.376904
20.000000;20.000000
20.243856;20.381763
20.000000;20.000000
20.248268;20.378908
20.000000;20.000000
20.254042;20.379885
20.000000;20.000000
20.000000;20.000000
20.868233;21.182482
20.000000;20.000000
20.900688;21.141436
20.934050;21.160885
20.299685;20.372389
20.936489;21.131790
20.000000;20.000000
20.995335;21.152752
21.015263;21.148621
21.042608;21.152338
21.067457;21.152639
21.091076;21.151064
21.119675;21.154119
21.140310;21.153505
21.170685;21.157070
21.197697;21.156610
21.228745;21.154463
21.257181;21.159136
21.285404;21.157860
21.316015;21.158064
21.349836;21.160320
21.383883;21.161945
21.414282;21.159763
21.441690;21.154530
21.469166;21.148815
21.519640;21.160362
21.554600;21.163864
21.597759;21.167736
21.641321;21.170607
21.682699;21.170908
21.722645;21.169279
21.768614;21.170746
21.824926;21.177805
21.867247;21.174660
21.919966;21.176962
21.967833;21.175117
22.015047;21.177771
22.074512;21.174671
22.142319;21.186623
22.185871;21.177820
22.256849;21.182766
22.322990;21.183287
22.383165;21.179321
22.462484;21.183212
22.545809;21.194237
22.637676;21.193186
22.706411;21.193775
22.789965;21.192163
22.904215;21.201660
23.021011;21.209135
23.118773;21.206480
23.218626;21.202723
23.345249;21.206001
23.469534;21.205515
23.625696;21.221720
23.744915;21.204979
23.962301;21.233965
24.154566;21.241159
24.340776;21.242126
24.550577;21.245703
26.481480;21.708986
26.500868;21.633682
20.000000;20.000000
26.017086;21.365126
26.029585;21.294603
20.000000;20.000000
20.000000;20.000000
20.000000;20.000000
20.000000;20.000000
20.000000;20.000000
20.000000;20.000000
20.000000;20.000000
32.292477;21.469492
32.450874;21.342119
20.000000;20.000000
32.499580;20.765522
20.000000;20.000000
32.441982;20.473795
32.389629;20.329109
32.307625;20.184090
32.436928;20.042925
20.264999;19.999212
32.421589;19.898771
32.477589;19.754732
20.267881;19.992010
32.219028;19.617971
20.000000;20.000000
20.000000;20.000000
20.000000;20.000000
20.000000;20.000000
26.028011;19.461679
20.000000;20.000000
20.000000;20.000000
20.256613;19.947138
20.246561;19.947926
20.243258;19.942329
20.242577;19.939533
20.000000;20.000000
20.000000;20.000000
20.242264;19.934355
20.000000;20.000000
20.000000;20.000000
20.256626;19.926300
20.000000;20.000000
20.243942;19.925720
20.000000;20.000000
20.000000;20.000000
20.242390;19.920801
20.243881;19.918940
20.000000;20.000000
20.000000;20.000000
20.243317;19.914202
20.000000;20.000000
20.000000;20.000000
20.000000;20.000000
20.000000;20.000000
21.518593;19.357288
21.471127;19.353287
21.418051;19.357052
21.379696;19.355043
21.342453;19.353531
21.300350;19.351696
21.266052;19.350351
21.226656;19.352633
21.195332;19.351324
21.182487;19.340424
21.184364;19.321394
21.184170;19.303137
21.182922;19.285423
21.185602;19.264898
21.191389;19.245882
21.186726;19.225681
21.187721;19.209023
21.190784;19.183197
21.188793;19.168032
21.192877;19.144388
21.195763;19.121134
21.194275;19.100704
21.194847;19.078360
21.194366;19.056616
21.196560;19.032133
21.195263;19.010025
21.195139;18.986525
21.193119;18.964207
21.199064;18.934608
21.203087;18.910637
21.199644;18.883228
21.196743;18.859730
21.204632;18.830425
21.205879;18.801727
21.204634;18.775101
21.206972;18.743902
21.210115;18.711031
21.208601;18.682341
21.211920;18.647556
21.208797;18.619408
21.207649;18.587999
21.211063;18.550293
21.217672;18.514229
21.219101;18.476782
21.217358;18.442255
21.220591;18.400530
21.220472;18.361618
21.218437;18.324114
21.218588;18.282362
21.561516;17.754583
21.565336;17.692909
21.564404;17.635710
21.561159;17.591747
21.571579;17.512934
21.582996;17.429304
21.576471;17.372675
21.573635;17.307077
21.569981;17.240330
21.549271;17.202330
21.513391;17.190708
21.474669;17.184856
21.432838;17.185762
21.388838;17.192768
21.350983;17.187662
21.311930;17.185774
21.263807;17.205492
21.249773;17.148888
21.258041;17.037012
21.256948;16.942268
21.254272;16.845190
21.235523;16.784178
21.249260;16.632238
20.000000;20.000000
20.000000;20.000000
20.000000;20.000000
21.000513;16.865822
20.000000;20.000000
20.000000;20.000000
20.000000;20.000000
21.504192;14.501018
21.418890;14.518668
21.346397;14.540573
21.326553;14.339359
21.266521;14.357393
21.189661;14.337625
21.124439;14.324312
21.055779;14.326397
20.000000;20.000000
20.000000;20.000000
20.000000;20.000000
21.518106;9.225423
21.370604;9.390162
21.265039;9.225007
21.135210;9.265862
21.001614;9.360041
20.883377;9.285354
20.754042;9.360687
20.638138;9.224879
20.512608;9.250215
20.386320;9.287964
20.261511;9.347209
20.137644;9.365891
20.015354;9.323011
19.892519;9.323541
19.767765;9.283516
19.642004;9.211938
19.521177;9.312721
19.396456;9.286987
19.264151;9.175983
20.000000;20.000000
19.006277;9.108237
20.000000;20.000000
20.000000;20.000000
20.000000;20.000000
20.000000;20.000000
20.000000;20.000000
20.000000;20.000000
20.000000;20.000000
20.000000;20.000000
20.000000;20.000000
20.000000;20.000000
20.000000;20.000000
20.000000;20.000000
20.000000;20.000000
20.000000;20.000000
20.000000;20.000000
18.035797;13.073102
18.070290;13.483726
17.984501;13.473107
20.000000;20.000000
20.000000;20.000000
20.000000;20.000000
20.000000;20.000000
20.000000;20.000000
20.000000;20.000000
18.016495;15.074372
18.000605;15.196498
17.999126;15.345877
17.991915;15.474517
17.984915;15.597229
17.987738;15.734856
17.985569;15.854527
17.980124;15.963133
17.976923;16.071295
17.972677;16.172792
17.978516;16.287704
17.977100;16.385578
17.972195;16.473438
17.968872;16.559862
17.961760;16.637531
17.958258;16.733627
17.958832;16.817297
17.966564;16.908861
17.965803;16.983862
17.966213;17.058659
17.955057;17.114073
17.945221;17.170355
17.950140;17.244926
17.953735;17.314823
17.953487;17.378157
17.949436;17.434879
17.944763;17.488821
17.937609;17.538891
17.932217;17.589346
17.939363;17.653320
17.946373;17.715313
17.943918;17.764849
17.942122;17.814333
17.931477;17.853474
17.932898;17.903759
17.932161;17.951107
17.912186;17.987282
17.930603;18.139172
17.918922;18.171883
17.932175;18.225252
17.927053;18.262209
17.931019;18.306011
17.924164;18.339920
17.927902;18.381960
19.794525;19.840689
19.791000;19.840349
17.921995;18.415806
17.935848;18.463900
17.936920;18.501266
20.000000;20.000000
17.886257;18.538157
17.877039;18.567604
20.000000;20.000000
17.903528;18.722569
17.910349;18.759735
17.906492;18.790064
17.904911;18.821095
17.907166;18.854122
17.908134;18.885998
20.000000;20.000000
19.794558;19.896589
19.792280;19.901243
19.767731;19.907526
19.767727;19.915985
19.767365;19.920019
19.766174;19.920410
19.765451;19.922565
19.764383;19.922613
20.000000;20.000000
19.759972;19.923250
20.000000;20.000000
20.000000;20.000000
20.000000;20.000000
19.766060;19.934269
20.000000;20.000000
19.766655;19.935858
20.000000;20.000000
19.764696;19.939331
20.000000;20.000000
19.766317;19.941061
19.760380;19.940075
19.751465;19.938631
20.000000;20.000000
20.000000;20.000000
20.000000;20.000000
20.000000;20.000000
20.000000;20.000000
20.000000;20.000000
20.000000;20.000000
20.000000;20.000000
20.000000;20.000000
20.000000;20.000000
20.000000;20.000000
12.744048;19.181244
12.485312;19.240221
12.560606;19.335640
12.501555;19.417961
12.578081;19.511160
12.531970;19.595070
12.552722;19.683508
20.000000;20.000000
12.495215;19.943157
12.495064;20.030939
12.521924;20.117590
12.523772;20.203615
12.531606;20.289417
12.514456;20.376375
12.514291;20.462776
12.504153;20.550037
12.383437;20.647072
12.380436;20.735712
19.796072;20.020935
12.615088;20.798908
12.416260;20.908804
20.000000;20.000000
12.590631;21.061352
20.000000;20.000000
20.000000;20.000000
20.000000;20.000000
14.829169;20.996628
15.110391;21.000900
15.355807;21.006468
15.564606;21.014778
15.792398;21.013741
15.999096;21.012371
16.195621;21.009354
16.334038;21.026627
16.514053;21.019608
16.656097;21.019966
16.793859;21.018408
20.000000;20.000000
16.945829;21.048084
17.079615;21.039881
17.193930;21.035398
17.271854;21.049358
17.351479;21.047108
17.450243;21.048706
17.522402;21.052794
17.597969;21.053743
17.688704;21.046078
17.725462;21.061401
17.774878;21.069948
17.761452;21.108559
17.792280;21.125370
17.846222;21.129539
17.906225;21.129490
17.956848;21.138617
18.012716;21.137894
18.057943;21.142115
18.102251;21.146141
18.145422;21.149637
18.206135;21.141020
18.243780;21.145905
18.287109;21.146179
18.321136;21.151831
18.372238;21.144766
18.404285;21.150124
18.437040;21.154299
18.476852;21.152441
18.505531;21.163530
18.548059;21.157721
20.000000;20.000000
18.613668;21.159023
18.645441;21.159422
18.687561;21.150013
18.723324;21.145130
18.724171;21.171360
18.768826;21.162092
18.794615;21.164484
18.817724;21.163832
18.876732;21.163168
18.901968;21.163755
18.925596;21.165283
19.687645;20.340408
18.950565;21.165037
18.999825;21.136593
18.979717;21.186697
19.084892;21.115717
19.699787;20.382189
19.720545;20.376650
20.000000;20.000000
19.735092;20.367468
19.738796;20.371334
19.738323;20.379534
19.746056;20.377541
19.723227;20.430744
19.729416;20.429939
19.736898;20.431047
19.743011;20.430067
19.750937;20.430088
19.756897;20.433487
19.754698;20.442564
19.756578;20.453840
19.756727;20.466364
20.000000;20.000000
19.754614;20.478779
20.000000;20.000000
19.754147;20.496460
20.000000;20.000000
19.753807;20.511871
20.000000;20.000000
19.511105;21.104647
19.525528;21.106567
19.539164;21.110149
20.000000;20.000000
19.539402;21.146973
19.533806;21.234934
19.548164;21.240259
19.563244;21.243530
19.567003;21.279732
19.563467;21.331255
19.563612;21.384871
19.558865;21.458757
19.556187;21.530970
19.548231;21.615004
19.542725;21.710947
19.532166;21.818794
19.529509;21.921230
20.000000;20.000000
19.468622;22.384510
20.000000;20.000000
20.000000;20.000000
19.429886;23.018635
19.460239;23.051632
19.599323;22.461603
19.535427;23.033634
19.569151;23.055777
19.608088;23.033791
19.643541;23.036146
19.678471;23.043060
19.713980;23.044594
19.749353;23.043697
19.784750;23.045403
19.819328;23.055664
19.854637;23.054543
19.889679;23.059011
19.925076;23.064085
19.960123;23.080742
19.995571;23.079996
