20.001469;23.063999
20.036964;23.059776
20.072527;23.062141
20.108433;23.072086
20.145235;23.095594
20.181019;23.091705
20.216591;23.085407
20.252941;23.089664
20.289230;23.091499
20.326120;23.097881
20.356224;23.044230
20.365330;22.836571
20.382818;22.679794
20.437492;22.867823
20.429928;22.580429
20.461767;22.586098
20.493982;22.592354
20.528839;22.608940
20.607582;22.828480
20.704493;23.135839
20.744740;23.143997
20.781162;23.135147
20.820768;23.138451
20.860027;23.139328
20.901894;23.148367
20.944086;23.156855
21.804695;25.878204
20.416193;21.227354
20.420446;21.202623
20.437008;21.196703
20.451752;21.201906
20.213972;20.509926
20.217091;20.500986
20.219313;20.484692
20.217125;20.468096
20.219013;20.450594
20.221540;20.442657
20.225668;20.442814
20.232647;20.443708
20.000000;20.000000
20.238222;20.444147
20.244808;20.443979
20.252836;20.441763
20.237978;20.386629
20.000000;20.000000
20.236572;20.374542
20.000000;20.000000
20.244158;20.380383
20.000000;20.000000
20.250753;20.380865
20.259340;20.385963
20.000000;20.000000
20.000000;20.000000
20.879377;21.191662
20.331032;20.441725
20.866713;21.141182
20.909235;21.174103
20.918444;21.157991
20.926142;21.140272
20.929077;21.117151
20.998375;21.172539
21.003368;21.151079
21.028082;21.151947
21.050144;21.149542
21.079117;21.154081
21.101421;21.150879
21.129393;21.153027
21.158379;21.155273
21.185619;21.160427
21.213114;21.154980
21.239368;21.157749
21.270441;21.159473
21.297241;21.156637
21.330933;21.159243
21.363441;21.159796
21.394495;21.158600
21.431137;21.161247
21.449999;21.148914
21.493395;21.155125
21.537643;21.166426
21.582415;21.171719
21.610601;21.163671
21.658319;21.169109
21.704727;21.172461
21.743128;21.169319
21.787651;21.169102
21.840723;21.173553
21.883942;21.170591
21.935976;21.177603
21.985641;21.176476
22.045063;21.179846
22.100464;21.179546
22.160517;21.180513
22.212036;21.175550
22.288717;21.182180
22.353220;21.181120
22.431482;21.185291
22.492073;21.179247
22.582832;21.185722
22.668699;21.194912
22.753937;21.194921
22.844133;21.195045
22.961555;21.204157
23.065599;21.205212
23.170053;21.204008
23.280630;21.202290
23.422586;21.209465
23.552042;21.217794
23.690334;21.217552
23.870070;21.227257
24.070595;21.239065
24.248850;21.239655
24.496994;21.255632
24.653290;21.241268
26.481020;21.663090
25.679012;21.387274
20.000000;20.000000
26.005602;21.320206
20.000000;20.000000
26.611675;21.293411
20.000000;20.000000
20.000000;20.000000
20.000000;20.000000
20.000000;20.000000
20.000000;20.000000
20.000000;20.000000
32.302326;21.384604
32.317562;21.241798
20.000000;20.000000
20.000000;20.000000
20.000000;20.000000
32.444992;20.386703
32.348660;20.240364
32.294621;20.096657
32.266918;19.955309
20.263983;19.996964
32.251575;19.813223
20.264963;19.995630
32.332554;19.668858
20.000000;20.000000
20.000000;20.000000
20.000000;20.000000
20.000000;20.000000
26.113029;19.481253
26.061808;19.414698
20.000000;20.000000
20.000000;20.000000
20.245079;19.945805
20.246584;19.943384
20.243586;19.943729
20.243366;19.938568
20.000000;20.000000
20.247513;19.930815
20.000000;20.000000
20.252279;19.929298
20.000000;20.000000
20.000000;20.000000
20.000000;20.000000
20.243612;19.921331
20.000000;20.000000
20.242022;19.919685
20.243093;19.916605
20.000000;20.000000
20.245687;19.914925
20.000000;20.000000
20.251471;19.910267
20.000000;20.000000
20.000000;20.000000
20.000000;20.000000
21.531992;19.358189
21.480808;19.355459
21.432180;19.356760
21.393772;19.354479
21.355568;19.353130
21.312971;19.354650
21.274525;19.351551
21.242996;19.349331
21.208069;19.349649
21.182068;19.345848
21.185701;19.325754
21.185638;19.307619
21.184387;19.289797
21.187992;19.268766
21.185347;19.251297
21.185814;19.231615
21.186813;19.211267
21.191765;19.191732
21.187872;19.170204
21.189877;19.152229
21.190460;19.130817
21.195513;19.105684
21.196257;19.083475
21.195772;19.061634
21.196590;19.038544
21.193851;19.017738
21.198534;18.990541
21.195074;18.969522
21.196634;18.943932
21.198402;18.917383
21.200554;18.890091
21.199945;18.864555
21.204044;18.834129
21.202515;18.808275
21.205338;18.782818
21.205162;18.754660
21.208498;18.721870
21.210678;18.689690
21.206118;18.663857
21.210512;18.627571
21.207563;18.598469
21.214542;18.557127
21.215578;18.528046
21.210793;18.491909
21.220230;18.450863
21.221075;18.412239
21.217739;18.378305
21.217171;18.339285
21.218929;18.296112
21.561144;17.773840
21.566269;17.710485
21.565847;17.664307
21.564594;17.607109
21.567299;17.529160
21.578842;17.458481
21.582392;17.385584
21.577097;17.325344
21.582310;17.243919
21.572184;17.186466
21.531590;17.183500
21.490398;17.181835
21.440689;17.197641
21.406296;17.184696
21.363773;17.189396
21.318722;17.200001
21.286566;17.183981
21.251654;17.174852
21.259817;17.064955
21.258303;16.972044
21.252859;16.884474
21.251415;16.780672
21.227692;16.729858
20.000000;20.000000
20.000000;20.000000
20.000000;20.000000
21.044840;16.769777
21.009983;16.750332
20.000000;20.000000
20.000000;20.000000
20.000000;20.000000
21.437611;14.532854
21.385445;14.522497
21.340591;14.431087
21.288151;14.362291
21.209484;14.351028
21.151197;14.301110
21.098925;14.283672
21.011143;14.318273
20.000000;20.000000
20.000000;20.000000
21.558926;9.220139
21.420868;9.299927
21.293827;9.316056
21.168606;9.312701
21.048727;9.257067
20.918636;9.320437
20.798691;9.256647
20.680141;9.150297
20.551991;9.187080
20.425858;9.224412
20.297842;9.327155
20.177174;9.130444
20.051954;9.162125
19.926668;9.227249
19.801907;9.239823
19.677427;9.253840
19.551121;9.193318
19.430939;9.296116
20.000000;20.000000
20.000000;20.000000
20.000000;20.000000
20.000000;20.000000
20.000000;20.000000
20.000000;20.000000
20.000000;20.000000
20.000000;20.000000
20.000000;20.000000
20.000000;20.000000
20.000000;20.000000
20.000000;20.000000
18.071722;10.662015
20.000000;20.000000
20.000000;20.000000
20.000000;20.000000
18.030365;12.287534
20.000000;20.000000
18.045454;13.025704
18.090290;13.477836
18.015383;13.500237
20.000000;20.000000
20.000000;20.000000
20.000000;20.000000
20.000000;20.000000
20.000000;20.000000
20.000000;20.000000
17.963896;14.897224
17.978060;15.098678
18.005629;15.320251
17.992954;15.437981
17.984388;15.559005
17.992342;15.709490
17.998297;15.848366
17.982290;15.936355
17.988985;16.065107
17.971767;16.141613
17.989439;16.280642
17.983828;16.371523
17.981041;16.463760
17.971012;16.540039
17.961769;16.614159
17.959005;16.713131
17.956787;16.792496
17.961288;16.880035
17.965313;16.963707
17.968168;17.042736
17.955008;17.095743
17.948372;17.156963
17.951202;17.229198
17.959913;17.306362
17.947191;17.353912
17.949604;17.419401
17.948837;17.479040
17.944292;17.532003
17.941755;17.586452
17.938887;17.639118
17.945175;17.700272
17.942932;17.750828
17.942265;17.801853
17.929358;17.838869
17.934034;17.892824
17.925728;17.941971
17.923008;17.986158
17.922434;18.121353
17.918943;18.161270
17.922735;18.207096
17.928070;18.253229
17.931269;18.296253
17.924112;18.330395
17.919039;18.365705
17.922441;18.406992
19.791552;19.841276
19.792555;19.843262
17.915310;18.439590
17.941759;18.496323
20.000000;20.000000
17.877054;18.523350
17.895649;18.572220
20.000000;20.000000
20.000000;20.000000
17.900873;18.713488
17.899828;18.746128
17.902714;18.780626
17.901764;18.812428
17.896013;18.841190
17.906511;18.878426
20.000000;20.000000
19.793449;19.901119
20.000000;20.000000
19.763769;19.909422
19.766869;19.915422
19.768324;19.917280
19.766380;19.919806
20.000000;20.000000
19.765530;19.925571
20.000000;20.000000
19.768774;19.928598
20.000000;20.000000
20.000000;20.000000
19.761753;19.931133
19.767422;19.933134
20.000000;20.000000
19.766386;19.936844
20.000000;20.000000
20.000000;20.000000
19.755365;19.939520
19.763924;19.942404
19.760971;19.941853
20.000000;20.000000
20.000000;20.000000
20.000000;20.000000
20.000000;20.000000
20.000000;20.000000
20.000000;20.000000
20.000000;20.000000
20.000000;20.000000
20.000000;20.000000
20.000000;20.000000
12.747542;19.068766
12.657766;19.143692
12.673190;19.231531
12.553251;19.306187
12.545762;19.391905
12.580110;19.481277
12.574592;19.567387
12.539106;19.652111
20.000000;20.000000
12.541527;19.911327
12.562000;19.997860
12.562476;20.084145
12.542958;20.170898
12.504442;20.258089
12.502946;20.345253
12.548388;20.429838
12.517911;20.518024
12.397838;20.615026
20.000000;20.000000
12.626850;20.767612
19.793249;20.022768
12.570689;20.860687
20.000000;20.000000
12.358815;21.064671
20.000000;20.000000
20.000000;20.000000
14.393017;20.980104
14.761703;20.989851
15.061773;20.992615
15.309232;20.999153
15.515278;21.009789
15.752924;21.007753
15.927900;21.016275
16.143982;21.009611
16.277699;21.029331
16.455126;21.024679
16.615547;21.020641
16.757359;21.019060
20.000000;20.000000
16.891499;21.056080
17.053904;21.039179
17.182510;21.030415
17.249226;21.048990
17.346226;21.047421
17.420486;21.052568
17.496449;21.055614
17.583029;21.052019
17.650127;21.055405
17.737743;21.047495
17.770805;21.063761
17.762653;21.099695
17.768423;21.129187
17.833008;21.128006
17.890320;21.129469
17.939255;21.139893
17.993578;21.134592
18.050022;21.138485
18.093378;21.143034
18.140724;21.143932
18.189632;21.143002
18.235748;21.142723
18.274000;21.146347
18.314692;21.147717
18.353537;21.149445
18.392193;21.150429
18.428116;21.152294
18.471315;21.153408
18.500511;21.158689
20.000000;20.000000
18.554987;21.171127
18.601761;21.160351
18.638828;21.156290
18.669689;21.156910
18.692162;21.164286
18.701946;21.182621
18.758171;21.158043
18.786156;21.158564
18.811123;21.161385
18.832342;21.167210
20.000000;20.000000
18.895447;21.161709
18.915802;21.167118
18.948904;21.158142
18.980986;21.149307
20.000000;20.000000
20.000000;20.000000
20.000000;20.000000
20.000000;20.000000
19.732462;20.366796
20.000000;20.000000
19.737316;20.369061
19.739594;20.376766
19.746490;20.377832
19.720917;20.429251
19.729420;20.431124
19.734144;20.430531
19.741613;20.431561
19.749603;20.431627
19.754698;20.432245
19.756344;20.438902
19.757692;20.451035
19.758312;20.462677
20.000000;20.000000
19.756350;20.477421
19.753515;20.491676
20.000000;20.000000
20.000000;20.000000
19.755533;20.504932
20.000000;20.000000
19.504089;21.113567
19.522190;21.107309
19.536995;21.108164
19.540512;21.136639
20.000000;20.000000
19.528954;21.239511
19.545429;21.239260
19.560837;21.241621
19.569788;21.262724
19.565462;21.325596
19.567350;21.373468
19.561911;21.437737
19.556749;21.517593
19.554579;21.592896
19.544483;21.690712
19.538736;21.794672
19.531158;21.897949
20.000000;20.000000
19.464708;22.380560
20.000000;20.000000
20.000000;20.000000
19.421099;23.033253
19.456034;23.039711
20.000000;20.000000
19.530991;23.023844
19.575083;23.047520
19.612108;23.039349
19.646179;23.051556
19.682846;23.043520
19.718067;23.044975
19.753408;23.048042
19.789129;23.045710
19.823666;23.056919
19.859415;23.052765
19.894562;23.062185
19.929955;23.082205
19.965948;23.061811
