20.017298;23.057951
20.052477;23.057550
20.087914;23.055737
20.124607;23.085485
20.159889;23.079853
20.196239;23.087770
20.231676;23.084311
20.267872;23.086397
20.304832;23.095024
20.337355;23.063480
20.361013;22.962082
20.377499;22.779482
20.395695;22.679945
20.416203;22.609011
20.442812;22.584337
20.473303;22.581978
20.505850;22.591084
20.573832;22.768148
20.631641;22.909220
20.719433;23.137575
20.757593;23.137840
20.796402;23.138533
20.835543;23.140759
20.875139;23.142416
20.917683;23.153175
20.000000;20.000000
20.000000;20.000000
20.415934;21.210537
20.427261;21.198095
20.441601;21.202477
20.457184;21.201990
20.218275;20.511362
20.217789;20.494133
20.220015;20.481077
20.218494;20.460825
20.215387;20.443460
20.222837;20.443125
20.228924;20.442265
20.236423;20.441706
20.242485;20.442974
20.248142;20.443272
20.227242;20.387251
20.235020;20.391937
20.232460;20.379456
20.000000;20.000000
20.240040;20.381813
20.000000;20.000000
20.000000;20.000000
20.246668;20.378759
20.000000;20.000000
20.252430;20.379757
20.871069;21.227301
20.000000;20.000000
20.303553;20.407331
20.862936;21.125196
20.899452;21.150038
20.295700;20.369175
20.918983;21.147331
20.932974;21.137278
20.000000;20.000000
20.990404;21.151720
21.012398;21.149815
21.039059;21.152849
21.063211;21.152479
21.087494;21.151701
21.113400;21.151844
21.138208;21.155581
21.167154;21.157793
21.195980;21.154068
21.221292;21.156532
21.249418;21.155750
21.282772;21.159283
21.312628;21.158884
21.341127;21.156641
21.377399;21.160334
21.410072;21.160160
21.433569;21.151867
21.462681;21.147366
21.514793;21.160114
21.550415;21.164446
21.593658;21.168259
21.634869;21.169317
21.679485;21.172020
21.717768;21.169340
21.762043;21.169800
21.817469;21.176449
21.853828;21.169695
21.904755;21.171156
21.960360;21.173973
22.010988;21.178764
22.069691;21.181131
22.126089;21.180834
22.180994;21.178432
22.250402;21.182140
22.321856;21.185513
22.377556;21.179384
22.457747;21.183836
22.545683;21.196857
22.629568;21.198946
22.702751;21.194639
22.791807;21.195484
22.901560;21.202843
23.019270;21.210791
23.117029;21.208212
23.216175;21.203564
23.337147;21.204889
23.464233;21.205534
23.617531;21.220900
23.753197;21.218374
23.975311;21.239271
24.159958;21.244074
24.351955;21.246679
24.548409;21.246048
26.477283;21.709208
26.457069;21.623335
20.000000;20.000000
26.061947;21.375303
26.036428;21.296072
20.000000;20.000000
20.000000;20.000000
20.000000;20.000000
20.000000;20.000000
20.000000;20.000000
20.000000;20.000000
20.000000;20.000000
20.000000;20.000000
32.294289;21.320473
20.000000;20.000000
32.676765;20.767836
20.000000;20.000000
32.371391;20.461603
32.417900;20.319138
32.363773;20.174259
32.294960;20.030647
32.465485;19.886461
20.264986;19.997332
32.334354;19.744535
20.267876;19.991856
32.288582;19.602823
20.000000;20.000000
20.000000;20.000000
20.000000;20.000000
20.000000;20.000000
26.017324;19.454493
20.000000;20.000000
20.000000;20.000000
20.253941;19.949059
20.246716;19.948660
20.243168;19.941956
20.243130;19.941793
20.000000;20.000000
20.000000;20.000000
20.000000;20.000000
20.242975;19.933161
20.256014;19.927801
20.000000;20.000000
20.000000;20.000000
20.242634;19.924871
20.000000;20.000000
20.243145;19.923151
20.000000;20.000000
20.244978;19.919069
20.243725;19.918472
20.000000;20.000000
20.000000;20.000000
20.000000;20.000000
20.000000;20.000000
20.000000;20.000000
20.000000;20.000000
21.509123;19.352921
21.461279;19.353266
21.410013;19.356291
21.368973;19.355734
21.334476;19.353111
21.290562;19.352245
21.254530;19.352003
21.221319;19.351101
21.187382;19.351358
21.181520;19.336649
21.185873;19.315992
21.183949;19.298828
21.184278;19.279945
21.184330;19.260962
21.186611;19.243956
21.184420;19.222157
21.187757;19.200090
21.191729;19.181038
21.191957;19.160357
21.191868;19.139563
21.193060;19.117468
21.193901;19.095232
21.194473;19.072973
21.196947;19.048601
21.192810;19.029099
21.194525;19.004442
21.194307;18.980917
21.198973;18.952658
21.199415;18.927486
21.201111;18.905489
21.199753;18.876020
21.201180;18.848452
21.202730;18.819887
21.203495;18.796505
21.204248;18.767719
21.207136;18.735750
21.211489;18.701359
21.207794;18.674828
21.208300;18.642981
21.206259;18.613211
21.212652;18.579121
21.214632;18.536350
21.213312;18.502935
21.215996;18.470467
21.217793;18.431187
21.220806;18.389387
21.219883;18.351217
21.222334;18.307178
20.000000;20.000000
21.562143;17.737986
21.564291;17.677717
21.558657;17.627131
21.573633;17.554567
21.571491;17.482176
21.586878;17.403528
21.574043;17.356079
21.575365;17.282629
21.577158;17.205317
21.544149;17.188086
21.501534;17.188885
21.465134;17.178755
21.418341;17.189625
21.379042;17.186829
21.333424;17.198109
21.295799;17.193724
21.248037;17.212650
21.250647;17.117632
21.255863;17.011126
21.260279;16.900417
21.256433;16.804108
21.217146;16.795357
20.000000;20.000000
20.000000;20.000000
20.000000;20.000000
20.000000;20.000000
21.021814;16.754032
20.000000;20.000000
20.000000;20.000000
20.000000;20.000000
21.479698;14.503696
21.390362;14.536124
21.323355;14.534942
21.297733;14.355254
21.233654;14.333740
21.165222;14.332544
21.109615;14.333623
21.030756;14.324846
20.000000;20.000000
20.000000;20.000000
21.587624;9.290033
21.457001;9.325981
21.329121;9.341552
21.207745;9.305984
21.081409;9.324634
20.962317;9.259022
20.831993;9.334401
20.709600;9.304514
20.591213;9.211186
20.461403;9.311954
20.341795;9.200407
20.215410;9.251158
20.091375;9.291389
19.966915;9.216051
19.843639;9.271139
19.720316;9.316660
19.590910;9.147708
19.470907;9.272039
20.000000;20.000000
19.211479;9.125551
20.000000;20.000000
20.000000;20.000000
20.000000;20.000000
20.000000;20.000000
20.000000;20.000000
18.469374;9.270628
20.000000;20.000000
20.000000;20.000000
20.000000;20.000000
20.000000;20.000000
20.000000;20.000000
20.000000;20.000000
20.000000;20.000000
20.000000;20.000000
18.059521;12.262618
20.000000;20.000000
18.031078;12.853258
20.000000;20.000000
18.053852;13.524110
20.000000;20.000000
20.000000;20.000000
20.000000;20.000000
20.000000;20.000000
20.000000;20.000000
20.000000;20.000000
20.000000;20.000000
17.998091;15.081823
17.992352;15.227052
18.000109;15.394474
17.995478;15.526579
17.980213;15.628008
17.978640;15.754661
17.980562;15.881452
17.986998;16.012280
17.974436;16.099600
17.967489;16.194807
17.978838;16.319443
17.982821;16.424807
17.971569;16.500359
17.969795;16.588377
17.954336;16.651413
17.948595;16.743233
17.965227;16.851238
17.964195;16.928402
17.958778;16.995863
17.964647;17.078005
17.956453;17.137623
17.950815;17.198450
17.952637;17.268023
17.950312;17.330030
17.954090;17.398010
17.948120;17.451319
17.941593;17.503071
17.939856;17.559214
17.942638;17.618641
17.942314;17.673380
17.949018;17.734472
17.943945;17.781157
17.935757;17.823099
17.931536;17.868719
17.930056;17.924889
17.925411;17.967934
20.000000;20.000000
17.928312;18.150719
17.916044;18.182762
17.931051;18.237337
17.922274;18.271051
17.927191;18.315453
17.916405;18.346449
17.924393;18.391357
17.917833;18.424595
19.791773;19.842640
19.789272;19.840973
17.939114;18.477964
17.916729;18.498466
17.841373;18.481890
17.899771;18.559082
20.000000;20.000000
20.000000;20.000000
17.906227;18.735472
17.908937;18.769985
17.906090;18.800787
17.897560;18.828079
17.889381;18.855408
17.900129;18.892563
19.793869;19.897970
19.794853;19.900507
19.757504;19.906218
19.767122;19.911858
19.768692;19.916260
19.766901;19.918306
20.000000;20.000000
20.000000;20.000000
19.763285;19.922754
20.000000;20.000000
19.765530;19.925571
19.762403;19.925507
20.000000;20.000000
20.000000;20.000000
19.752459;19.927288
19.767466;19.932978
20.000000;20.000000
20.000000;20.000000
19.766241;19.937380
20.000000;20.000000
19.763334;19.940622
20.000000;20.000000
19.766071;19.942047
20.000000;20.000000
20.000000;20.000000
20.000000;20.000000
20.000000;20.000000
20.000000;20.000000
20.000000;20.000000
20.000000;20.000000
20.000000;20.000000
14.201270;19.168797
12.663348;19.018602
12.687285;19.107315
12.585977;19.182117
12.536256;19.263441
12.502311;19.347820
12.573084;19.439985
12.582102;19.526423
12.546149;19.610889
12.573140;19.697927
12.522151;19.868788
12.618131;19.956121
12.515116;20.041622
12.573093;20.127468
12.508080;20.214825
12.547017;20.299557
12.515042;20.387857
12.515010;20.474258
12.510046;20.561878
12.522984;20.647493
12.435458;20.743578
19.795113;20.021391
12.616477;20.811651
20.000000;20.000000
20.000000;20.000000
12.572886;21.078432
20.000000;20.000000
14.291826;20.963987
14.595758;20.989046
14.975661;20.979887
15.187032;20.996275
15.405023;21.006876
15.639050;21.008312
15.847307;21.011049
16.058794;21.007727
16.226257;21.011688
16.389631;21.021145
16.545574;21.020462
16.692297;21.018639
16.834791;21.015102
16.786915;21.071377
16.996101;21.040499
17.140024;21.027647
17.220964;21.042105
17.284058;21.047655
17.379410;21.052370
17.462809;21.052935
17.545965;21.051958
17.618589;21.053423
17.707390;21.046106
17.755774;21.055391
17.762768;21.083969
17.762966;21.116100
17.806202;21.126234
17.859205;21.130592
17.918026;21.136560
17.966345;21.135115
18.021954;21.139919
18.071453;21.141397
18.116444;21.144480
18.157001;21.149321
18.214991;21.141886
18.245914;21.150995
18.293402;21.148376
18.331532;21.151062
18.373573;21.150131
18.411207;21.151165
18.455980;21.146271
18.482117;21.154419
20.000000;20.000000
18.550838;21.161198
20.000000;20.000000
18.628702;21.152050
18.655806;21.156143
18.709835;21.135975
18.758152;21.124027
18.742306;21.160053
18.770390;21.160837
18.794006;21.165295
18.825706;21.166216
18.879412;21.165749
18.905333;21.165550
18.931097;21.164907
19.688429;20.341127
18.956587;21.163725
20.000000;20.000000
18.988415;21.182301
19.105064;21.101204
19.703621;20.382643
19.730200;20.368858
20.000000;20.000000
19.737402;20.367893
19.740191;20.374746
19.736126;20.386517
19.747278;20.379562
19.724838;20.430590
19.731438;20.431206
19.738014;20.431728
19.744125;20.430731
19.753000;20.431278
19.756575;20.434452
19.758781;20.444803
19.756813;20.456234
19.754641;20.470915
20.000000;20.000000
19.755152;20.483541
19.753056;20.499266
20.000000;20.000000
19.752802;20.514717
20.000000;20.000000
19.504374;21.093964
19.514282;21.106049
19.528214;21.108803
19.539967;21.116976
20.000000;20.000000
20.000000;20.000000
19.539391;21.239162
19.551613;21.241510
19.567032;21.243795
19.568779;21.286661
19.567783;21.341070
19.563725;21.398531
19.557472;21.478182
19.555353;21.550503
19.545946;21.641354
19.542284;21.732559
19.530254;21.848240
19.527563;21.952662
19.511965;22.124670
19.477200;22.378214
20.000000;20.000000
20.000000;20.000000
19.439196;23.015291
19.468382;23.055092
19.604511;22.474596
19.540297;23.058647
19.592810;23.030769
19.627632;23.038267
19.663452;23.037413
19.697725;23.051064
19.733921;23.045399
19.768890;23.053267
19.804390;23.054743
19.839996;23.053812
19.874863;23.069450
19.910856;23.057701
19.946386;23.055531
19.981632;23.089945
