20.030804;23.059845
20.066601;23.073278
20.102318;23.083303
20.138348;23.087902
20.174665;23.095076
20.210058;23.089869
20.245810;23.086227
20.281868;23.086155
20.319187;23.097599
20.372576;23.248705
20.369396;22.870327
20.377625;22.687601
20.448143;22.987576
20.423256;22.578493
20.455048;22.584242
20.486040;22.585716
20.520123;22.600496
20.600258;22.830042
20.697239;23.141558
20.736071;23.145012
20.772982;23.138205
20.812340;23.140644
20.850288;23.136799
20.892864;23.149900
20.930479;23.143166
21.797085;25.913988
21.830860;25.783106
20.418652;21.200071
20.433790;21.198938
20.449776;21.199442
20.215126;20.513781
20.219088;20.506660
20.217567;20.487667
20.217560;20.470097
20.218363;20.455349
20.218760;20.442923
20.225243;20.443029
20.232225;20.441669
20.000000;20.000000
20.238760;20.441586
20.243858;20.443361
20.252369;20.442030
20.236900;20.389633
20.000000;20.000000
20.235882;20.376160
20.242575;20.382580
20.000000;20.000000
20.000000;20.000000
20.248379;20.380032
20.254160;20.381008
20.000000;20.000000
20.000000;20.000000
20.000000;20.000000
20.871737;21.184870
20.000000;20.000000
20.898756;21.141685
20.935051;21.160078
20.303572;20.373102
20.936296;21.129353
20.000000;20.000000
20.997747;21.153309
21.020342;21.152138
21.043041;21.150597
21.069242;21.152348
21.092867;21.150743
21.122173;21.154480
21.141417;21.152412
21.173929;21.158054
21.200245;21.156851
21.228033;21.156679
21.259027;21.158606
21.288000;21.157963
21.323135;21.162081
21.350948;21.159025
21.385763;21.161261
21.422358;21.164106
21.445921;21.155645
21.474997;21.151098
21.523933;21.161329
21.558966;21.159687
21.599686;21.166792
21.643257;21.169613
21.692856;21.175568
21.727077;21.169870
21.773909;21.171804
21.823534;21.174431
21.870913;21.174465
21.916828;21.172510
21.974972;21.176813
22.015310;21.175335
22.079990;21.175142
22.145205;21.185535
22.190521;21.177618
22.258095;21.180386
22.328695;21.183100
22.387098;21.178135
22.464634;21.181047
22.546276;21.190884
22.639957;21.190561
22.715107;21.193882
22.809734;21.196789
22.914955;21.201851
23.032618;21.209734
23.122025;21.203609
23.225746;21.200804
23.353338;21.204197
23.482374;21.205114
23.632904;21.219109
20.000000;20.000000
23.977325;21.232790
24.156229;21.235582
24.341478;21.236025
24.552362;21.239159
26.516819;21.708284
26.334398;21.582167
20.000000;20.000000
26.029774;21.358891
26.045132;21.288851
26.463591;21.299866
20.000000;20.000000
20.000000;20.000000
20.000000;20.000000
20.000000;20.000000
20.000000;20.000000
20.000000;20.000000
20.000000;20.000000
32.295551;21.308685
20.000000;20.000000
32.471577;20.748207
20.000000;20.000000
32.399593;20.456703
32.447014;20.315109
32.265831;20.169350
32.350971;20.027235
32.364464;19.885010
20.264978;19.996544
20.270945;19.994518
32.222355;19.745682
32.316570;19.601919
20.000000;20.000000
20.000000;20.000000
20.000000;20.000000
20.000000;20.000000
26.011557;19.457340
20.000000;20.000000
20.000000;20.000000
20.254133;19.945078
20.243580;19.943707
20.243040;19.941420
20.000000;20.000000
20.244408;19.938604
20.000000;20.000000
20.243597;19.935471
20.000000;20.000000
20.256893;19.927235
20.000000;20.000000
20.000000;20.000000
20.244049;19.926071
20.000000;20.000000
20.242228;19.923569
20.000000;20.000000
20.000000;20.000000
20.244358;19.917217
20.000000;20.000000
20.242373;19.914534
20.000000;20.000000
20.000000;20.000000
20.000000;20.000000
20.000000;20.000000
21.516073;19.356468
21.470098;19.355925
21.413731;19.357214
21.377266;19.354570
21.339970;19.352985
21.296921;19.351543
21.264477;19.349474
21.227678;19.350286
21.192829;19.350904
21.180918;19.339664
21.187052;19.318041
21.183367;19.301775
21.181175;19.284468
21.185604;19.263006
21.186249;19.243387
21.186630;19.227365
21.188383;19.202812
21.190590;19.181147
21.188574;19.165976
21.191809;19.142902
21.194666;19.119644
21.194036;19.098728
21.194576;19.076374
21.194757;19.053886
21.194668;19.031387
21.191046;19.011206
21.194735;18.984503
21.196552;18.959011
21.199331;18.931900
21.202572;18.908581
21.202013;18.878439
21.203018;18.856171
21.202242;18.825108
21.203905;18.801163
21.204626;18.772287
21.206339;18.741909
21.209440;18.709024
21.208561;18.679590
21.209827;18.647024
21.207998;18.617380
21.210575;18.587872
21.210814;18.547482
21.219271;18.509075
21.218264;18.474833
21.217709;18.438725
21.218903;18.399244
21.221287;18.357239
21.222702;18.314852
21.218096;18.279562
21.558222;17.754730
21.561443;17.693895
21.560160;17.637699
21.563971;17.582846
21.565699;17.517498
21.581549;17.427238
21.578827;17.363594
21.571066;17.306734
21.564672;17.245363
21.547609;17.200266
21.511034;17.190573
21.472780;17.183867
21.431219;17.184938
21.385626;17.194527
21.351528;17.182377
21.305668;17.194992
21.264257;17.200209
21.248405;17.148291
21.255058;17.040092
21.257761;16.936117
21.255342;16.838083
21.235365;16.780905
21.249010;16.628946
20.000000;20.000000
20.000000;20.000000
20.000000;20.000000
21.000828;16.861723
20.000000;20.000000
20.000000;20.000000
20.000000;20.000000
21.500765;14.509411
21.415585;14.527109
21.346067;14.537402
21.339560;14.335230
21.268284;14.344465
21.189808;14.331524
21.140226;14.301965
21.055788;14.320295
20.000000;20.000000
20.000000;20.000000
20.000000;20.000000
21.517574;9.214239
21.379824;9.294557
21.254379;9.289203
21.134430;9.243656
21.002575;9.305893
20.868177;9.432603
20.754461;9.296557
20.635038;9.224696
20.512596;9.163116
20.381344;9.340819
20.261024;9.198153
20.134977;9.334854
20.011259;9.323006
19.887421;9.227589
19.762222;9.218621
19.639645;9.265046
19.514687;9.259959
19.387066;9.212399
19.253246;9.077497
20.000000;20.000000
20.000000;20.000000
20.000000;20.000000
20.000000;20.000000
20.000000;20.000000
18.503670;9.200167
20.000000;20.000000
20.000000;20.000000
20.000000;20.000000
20.000000;20.000000
20.000000;20.000000
20.000000;20.000000
20.000000;20.000000
20.000000;20.000000
20.000000;20.000000
18.027081;12.384406
20.000000;20.000000
18.037903;13.088098
18.074385;13.504415
17.984100;13.478464
20.000000;20.000000
20.000000;20.000000
20.000000;20.000000
20.000000;20.000000
20.000000;20.000000
20.000000;20.000000
18.010691;15.062696
18.002760;15.204267
17.990726;15.328807
17.989830;15.472160
17.984903;15.599434
17.986475;15.733239
17.975155;15.835128
17.982037;15.968885
17.972963;16.065460
17.966324;16.162579
17.976370;16.285458
17.972012;16.378113
17.975010;16.479895
17.961655;16.566460
17.965782;16.645617
17.961353;16.724625
17.959301;16.819372
17.972019;16.918440
17.962700;16.981131
17.965080;17.058226
17.952492;17.112213
17.947933;17.175800
17.954124;17.251934
17.952356;17.314617
17.957043;17.384262
17.950573;17.437811
17.945942;17.491732
17.936899;17.539484
17.931293;17.590139
17.936483;17.651857
17.946384;17.716646
17.943739;17.766373
17.940598;17.814394
17.932941;17.856230
17.932796;17.905264
17.934217;17.954714
20.000000;20.000000
17.932121;18.141970
17.918221;18.172680
17.932844;18.227547
17.926987;18.263845
17.920145;18.298773
17.922428;18.340490
17.925396;18.381922
19.794113;19.841221
17.920290;18.416397
19.789207;19.842724
17.936569;18.466280
17.937534;18.503826
20.000000;20.000000
17.886921;18.540710
17.870136;18.565323
20.000000;20.000000
17.904259;18.725216
17.909399;18.761337
17.907297;18.792669
17.903023;18.822412
17.906178;18.855928
17.908058;18.888271
20.000000;20.000000
19.796068;19.900297
19.792215;19.901382
19.767643;19.907749
19.769011;19.912521
19.766212;19.920298
20.000000;20.000000
19.761005;19.923302
20.000000;20.000000
19.765274;19.926382
19.764059;19.926918
20.000000;20.000000
19.762520;19.928534
19.767015;19.930956
19.768587;19.932699
20.000000;20.000000
20.000000;20.000000
19.766165;19.937672
20.000000;20.000000
19.764620;19.939623
19.760704;19.938789
20.000000;20.000000
20.000000;20.000000
20.000000;20.000000
19.751223;19.944010
20.000000;20.000000
20.000000;20.000000
20.000000;20.000000
20.000000;20.000000
20.000000;20.000000
20.000000;20.000000
20.000000;20.000000
20.000000;20.000000
20.000000;20.000000
12.759110;19.181536
12.496401;19.239889
12.529985;19.330017
12.490812;19.414230
12.593284;19.508595
12.568111;19.593456
12.527928;19.678148
20.000000;20.000000
12.562259;19.937960
12.458040;20.024584
12.531825;20.110989
12.512603;20.197453
12.520394;20.284107
12.550125;20.368853
12.554906;20.455250
12.545728;20.542675
12.521574;20.631004
19.794886;20.019091
12.397006;20.730434
12.578913;20.799223
20.000000;20.000000
20.000000;20.000000
12.575477;21.061344
20.000000;20.000000
14.252231;20.957644
20.000000;20.000000
14.829169;20.996628
15.122147;20.998495
15.374473;21.002888
15.583224;21.010965
15.810091;21.010328
16.010050;21.010820
16.200178;21.018681
16.343735;21.016733
16.506865;21.023527
16.664238;21.019232
16.802069;21.017826
16.732346;21.081572
16.946533;21.050135
17.083139;21.040831
17.190134;21.039553
17.272316;21.044979
17.351553;21.050016
17.451248;21.051149
17.527092;21.053600
17.601625;21.054609
17.691429;21.047245
17.727283;21.062941
17.775801;21.071869
17.762302;21.110275
17.794035;21.126608
17.847973;21.130726
17.909515;21.129269
17.957613;21.139988
18.011745;21.140223
18.059464;21.142725
18.105368;21.145498
18.147673;21.149471
18.205729;21.142244
18.246731;21.144938
18.285057;21.148506
18.319929;21.153606
18.370932;21.146385
18.405428;21.149998
18.438982;21.153561
18.477871;21.152130
20.000000;20.000000
18.543383;21.156662
20.000000;20.000000
18.613779;21.159157
18.646311;21.158901
18.691322;21.146719
18.733746;21.135782
18.732273;21.163919
18.766994;21.158689
18.794502;21.164368
18.818325;21.163017
18.876038;21.163887
18.902765;21.163134
18.927855;21.163282
19.690462;20.340275
18.952795;21.163008
19.002792;21.133877
18.982779;21.184053
19.092398;21.107647
19.703081;20.383490
19.725748;20.371794
20.000000;20.000000
19.735922;20.366835
19.738472;20.372328
19.736311;20.386642
19.747215;20.378319
19.724178;20.430166
19.730289;20.431667
19.737394;20.431351
19.744455;20.430927
19.750565;20.429874
19.757479;20.433811
19.756269;20.443432
19.756760;20.455070
19.756636;20.470823
20.000000;20.000000
19.755999;20.480608
20.000000;20.000000
19.752369;20.496693
20.000000;20.000000
19.752918;20.510332
20.000000;20.000000
19.513435;21.105675
19.527863;21.107567
19.540636;21.112925
20.000000;20.000000
19.539858;21.152540
19.535240;21.238680
19.550322;21.242107
19.566078;21.243464
19.568943;21.282497
19.568470;21.334988
19.564907;21.390518
19.558786;21.469179
19.555952;21.543392
19.551598;21.629429
19.542418;21.725353
19.534275;21.842037
19.529654;21.936705
20.000000;20.000000
19.474056;22.381618
20.000000;20.000000
20.000000;20.000000
19.431892;23.038343
19.470798;23.024044
19.601267;22.478127
19.541702;23.029531
19.568552;23.053671
19.606796;23.034632
19.642260;23.037003
19.677515;23.040949
19.713095;23.041498
19.748022;23.045593
19.783369;23.048311
19.818213;23.059605
19.853710;23.055500
19.889021;23.060989
19.924635;23.058071
19.960064;23.062740
19.995249;23.096996
