20.033695;23.082815
20.068710;23.062229
20.104944;23.082214
20.140852;23.090792
20.176914;23.097952
20.212772;23.094694
20.247881;23.086061
20.283663;23.082977
20.320660;23.094431
20.368223;23.191830
20.370407;22.865156
20.378214;22.682468
20.460583;23.058516
20.425142;22.582235
20.456285;22.584024
20.486355;22.580568
20.521959;22.603188
20.594896;22.830153
20.697792;23.138361
20.736591;23.141809
20.773466;23.134995
20.812241;23.136538
20.851191;23.136555
20.894863;23.153490
20.933088;23.148651
21.798786;25.913471
21.833429;25.785439
20.419870;21.202824
20.430813;21.197886
20.450472;21.200249
20.214525;20.515114
20.219185;20.506618
20.218737;20.487144
20.217031;20.471443
20.219454;20.454824
20.217867;20.443361
20.225328;20.442986
20.231800;20.443022
20.000000;20.000000
20.237871;20.442064
20.243942;20.443316
20.250011;20.442221
20.236977;20.389587
20.000000;20.000000
20.234257;20.377172
20.000000;20.000000
20.243454;20.382021
20.247578;20.380554
20.000000;20.000000
20.254196;20.380983
20.000000;20.000000
20.000000;20.000000
20.000000;20.000000
20.871849;21.184786
20.000000;20.000000
20.901272;21.139702
20.935162;21.159988
20.303572;20.373102
20.934441;21.132185
20.000000;20.000000
20.996983;21.152649
21.019569;21.151487
21.042931;21.150698
21.069700;21.153286
21.093336;21.151678
21.121952;21.154696
21.141085;21.152740
21.173595;21.158392
21.199911;21.157196
21.231339;21.160461
21.258696;21.158968
21.288410;21.159002
21.322691;21.162588
21.349745;21.158892
21.385973;21.162567
21.421024;21.164154
21.443804;21.155088
21.472757;21.150715
21.520811;21.165415
21.556648;21.164467
21.599823;21.168303
21.641771;21.169977
21.684790;21.171404
21.726292;21.171030
21.773121;21.172995
21.824425;21.176739
21.869278;21.175188
21.924566;21.179022
21.974180;21.178139
22.016361;21.177502
22.077698;21.181215
22.145512;21.187048
22.189957;21.178667
22.259415;21.182178
22.330915;21.185352
22.392923;21.182152
22.466885;21.183289
22.558413;21.190886
22.643147;21.193220
22.715679;21.195065
22.800192;21.193676
22.918306;21.204216
23.031456;21.209946
23.119928;21.203489
23.235823;21.205261
23.356987;21.205872
23.474699;21.202831
23.643217;21.222958
23.794195;21.224850
24.006817;21.242353
24.178274;21.242136
24.361677;21.241776
24.550434;21.238632
26.459747;21.693323
26.221033;21.553217
20.000000;20.000000
26.023207;21.356195
26.045380;21.287691
26.475479;21.301611
20.000000;20.000000
20.000000;20.000000
20.000000;20.000000
20.000000;20.000000
20.000000;20.000000
20.000000;20.000000
20.000000;20.000000
32.410286;21.317286
20.000000;20.000000
20.000000;20.000000
20.000000;20.000000
32.413799;20.451269
32.319229;20.304783
32.464924;20.163733
32.379982;20.020178
32.379383;19.876562
20.264957;19.995300
32.362122;19.733288
20.269865;19.991486
32.246300;19.594788
20.000000;20.000000
20.000000;20.000000
20.000000;20.000000
20.000000;20.000000
26.014021;19.451303
20.000000;20.000000
20.000000;20.000000
20.251759;19.943592
20.245872;19.944763
20.243883;19.945038
20.243357;19.942749
20.000000;20.000000
20.244217;19.937855
20.000000;20.000000
20.000000;20.000000
20.247326;19.930149
20.000000;20.000000
20.000000;20.000000
20.243784;19.925205
20.000000;20.000000
20.245705;19.921305
20.000000;20.000000
20.242214;19.920267
20.000000;20.000000
20.000000;20.000000
20.242558;19.912081
20.000000;20.000000
20.000000;20.000000
20.000000;20.000000
20.000000;20.000000
21.508142;19.353170
21.460302;19.353529
21.409952;19.356155
21.368973;19.355734
21.333513;19.353420
21.291925;19.354969
21.254530;19.352003
21.221319;19.351101
21.187382;19.351358
21.180649;19.337139
21.185873;19.315992
21.184809;19.298319
21.183424;19.280464
21.186808;19.263048
21.187468;19.239723
21.184420;19.222157
21.186197;19.204939
21.190821;19.177958
21.192039;19.160471
21.191950;19.139677
21.192341;19.118177
21.193987;19.095346
21.193682;19.073586
21.196255;19.049337
21.194454;19.027950
21.197693;19.001997
21.195166;18.980381
21.195307;18.956060
21.204121;18.928255
21.198906;18.903072
21.199968;18.876251
21.200569;18.849258
21.206413;18.816502
21.206556;18.793907
21.203785;18.768665
21.207378;18.735983
21.210373;18.703053
21.208723;18.674320
21.208561;18.643213
21.206657;18.613558
21.210573;18.576035
21.218918;18.538614
21.217041;18.505964
21.216436;18.470818
21.215395;18.428062
21.221720;18.388824
21.219446;18.352139
21.223082;18.306486
20.000000;20.000000
21.562143;17.737986
21.562056;17.681036
21.567192;17.625566
21.565516;17.567181
21.568830;17.498205
21.587151;17.402523
21.577881;17.349054
21.576609;17.279882
21.576622;17.205013
21.542648;17.189543
21.496756;17.196537
21.464132;17.179361
21.416182;17.191895
21.375153;17.192719
21.334335;17.194113
21.297506;17.187902
21.246561;17.213085
21.252325;17.110729
21.259748;16.998657
21.259089;16.899935
21.256729;16.798851
21.216673;16.791967
20.000000;20.000000
20.000000;20.000000
20.000000;20.000000
20.000000;20.000000
21.024143;16.740089
20.000000;20.000000
20.000000;20.000000
20.000000;20.000000
21.473949;14.514576
21.391960;14.521053
21.329718;14.499442
21.310949;14.344964
21.249979;14.308649
21.179949;14.316186
21.094917;14.333820
21.033405;14.300936
21.034962;13.970176
20.000000;20.000000
21.599031;9.191644
21.447109;9.368031
21.321085;9.372798
21.208250;9.273837
21.082737;9.270493
20.951576;9.344405
20.832855;9.270275
20.711884;9.207453
20.584141;9.264881
20.455038;9.364730
20.333939;9.286203
20.210659;9.283071
20.086927;9.206350
19.962669;9.184065
19.838015;9.239219
19.714901;9.305799
19.590666;9.277811
19.463129;9.219359
20.000000;20.000000
19.206024;9.136977
20.000000;20.000000
20.000000;20.000000
20.000000;20.000000
20.000000;20.000000
20.000000;20.000000
18.456991;9.250175
20.000000;20.000000
20.000000;20.000000
20.000000;20.000000
20.000000;20.000000
20.000000;20.000000
20.000000;20.000000
20.000000;20.000000
20.000000;20.000000
18.054764;12.287532
20.000000;20.000000
18.058182;12.991014
20.000000;20.000000
18.041317;13.518488
20.000000;20.000000
20.000000;20.000000
20.000000;20.000000
20.000000;20.000000
20.000000;20.000000
20.000000;20.000000
20.000000;20.000000
17.999269;15.111585
18.002678;15.276961
18.002844;15.426003
17.986475;15.530624
17.984478;15.661299
17.985666;15.792307
17.981264;15.906737
17.972847;16.007114
17.970186;16.114216
17.979671;16.239330
17.974857;16.333052
17.976875;16.435064
17.970911;16.519247
17.964052;16.598793
17.965569;16.689096
17.960901;16.766209
17.964413;16.868450
17.968159;16.952183
17.960026;17.015585
17.959974;17.088589
17.950253;17.145752
17.946915;17.209993
17.958033;17.291489
17.950586;17.346226
17.953440;17.412533
17.944717;17.463064
17.942881;17.520174
17.938204;17.572405
17.937738;17.628181
17.938951;17.684383
17.945229;17.744669
17.942392;17.793524
17.933504;17.834902
17.927395;17.878334
17.925938;17.934668
17.928080;17.975214
20.000000;20.000000
17.922867;18.158344
17.918272;18.196966
17.928034;18.247072
17.922485;18.283329
17.911272;18.314453
17.917936;18.359022
19.793919;19.838217
17.923609;18.402191
19.793520;19.841993
17.914007;18.432991
17.941936;18.490999
20.000000;20.000000
17.863348;18.508036
17.898254;18.568388
20.000000;20.000000
20.000000;20.000000
17.887892;18.700232
17.899544;18.740761
17.903212;18.775801
17.900454;18.806631
17.906878;18.842199
17.899860;18.869673
20.000000;20.000000
19.794521;19.901196
19.753994;19.906996
19.767542;19.916498
19.767534;19.919527
19.764629;19.918749
20.000000;20.000000
20.000000;20.000000
19.771606;19.926270
20.000000;20.000000
19.763124;19.926554
19.764820;19.927845
20.000000;20.000000
19.764866;19.931177
19.767698;19.932175
20.000000;20.000000
20.000000;20.000000
19.766502;19.936419
20.000000;20.000000
19.765779;19.939131
20.000000;20.000000
19.761927;19.942158
20.000000;20.000000
20.000000;20.000000
19.754705;19.946791
20.000000;20.000000
20.000000;20.000000
20.000000;20.000000
20.000000;20.000000
20.000000;20.000000
20.000000;20.000000
20.000000;20.000000
12.704173;19.053240
12.683750;19.136768
12.634452;19.217472
12.533282;19.294216
12.540546;19.382120
12.585750;19.472385
12.570146;19.557837
12.585493;19.645012
12.561887;19.730322
12.531635;19.902617
12.577009;19.988613
12.562369;20.074162
12.542720;20.160175
12.472096;20.248365
12.589338;20.329884
12.532720;20.418533
12.538029;20.504414
12.518407;20.592279
12.344461;20.694761
12.559879;20.761608
19.794218;20.022421
12.593973;20.844322
20.000000;20.000000
20.000000;20.000000
20.000000;20.000000
20.000000;20.000000
14.348783;20.988394
14.690817;20.991653
15.031153;20.987375
15.258114;20.999117
15.489540;21.004684
15.698047;21.010324
15.878877;21.018023
16.098013;21.011660
16.249842;21.018480
16.410282;21.027952
16.578522;21.022511
16.718451;21.021961
20.000000;20.000000
16.848024;21.061758
17.020918;21.041830
17.173174;21.025232
17.230089;21.040804
17.316319;21.050610
17.411081;21.048019
17.472204;21.057283
17.554409;21.056398
17.629747;21.056376
17.725653;21.045158
17.766748;21.057560
17.763784;21.090633
17.767651;21.120989
17.814455;21.129156
17.877043;21.127949
17.922632;21.134563
17.980190;21.139353
18.029772;21.141460
18.082569;21.140535
18.125801;21.144461
18.165361;21.149488
18.215721;21.146730
18.249071;21.153975
18.298922;21.149408
18.336098;21.152391
18.380564;21.149618
18.417349;21.151115
18.461170;21.146544
18.487181;21.154465
18.553402;21.162792
20.000000;20.000000
18.625006;21.158533
19.623016;20.319246
18.658115;21.157293
18.678265;21.166698
20.000000;20.000000
18.750360;21.155510
18.771837;21.162369
18.799358;21.167940
18.826719;21.162977
18.882027;21.165487
18.907248;21.165974
18.933678;21.164558
19.687475;20.342964
18.957813;21.164825
20.000000;20.000000
18.992147;21.180227
19.106750;21.101286
19.702917;20.380829
20.000000;20.000000
19.729521;20.367121
20.000000;20.000000
19.736326;20.368355
19.740515;20.374971
19.744049;20.377392
19.724220;20.430193
19.731770;20.431412
19.737873;20.430471
19.746277;20.432001
19.753290;20.431444
19.757298;20.436001
19.758562;20.445822
19.756069;20.455837
20.000000;20.000000
19.754911;20.471054
20.000000;20.000000
19.755383;20.483660
20.000000;20.000000
19.753956;20.500826
20.000000;20.000000
19.504688;21.094107
19.514601;21.106188
19.529032;21.108063
20.000000;20.000000
19.539907;21.118032
20.000000;20.000000
19.536896;21.238232
19.551851;21.241596
19.566942;21.244823
19.568903;21.286703
19.566992;21.343967
19.563263;21.400482
19.557901;21.477266
19.554676;21.553429
19.546370;21.640434
19.542540;21.731592
19.535065;21.846361
19.528503;21.948772
19.512861;22.120771
20.000000;20.000000
20.000000;20.000000
20.000000;20.000000
19.434258;23.041838
19.469976;23.044203
19.603878;22.475508
19.540598;23.054647
19.572620;23.050205
19.609905;23.038057
19.645060;23.043371
19.680721;23.041286
19.716022;23.044786
19.751072;23.047852
19.786793;23.045546
19.821087;23.060776
19.856733;23.053640
19.891779;23.066092
19.927155;23.063133
19.962681;23.064774
19.997923;23.094000
