20.002348;23.061998
20.037550;23.059769
20.072773;23.060135
20.108503;23.074085
20.145235;23.095594
20.180780;23.092720
20.215721;23.081459
20.252052;23.089737
20.288157;23.089592
20.324411;23.093033
20.357197;23.065258
20.372021;22.851837
20.380596;22.677080
20.447596;22.949228
20.428766;22.585691
20.460585;22.592402
20.489882;22.582954
20.524506;22.601656
20.597673;22.828545
20.701538;23.139576
20.739216;23.138111
20.776712;23.135221
20.816757;23.141563
20.854986;23.138632
20.897884;23.152632
20.938103;23.154465
21.804455;25.911743
20.000000;20.000000
20.421022;21.202421
20.434828;21.197498
20.449211;21.201790
20.217232;20.523735
20.218504;20.506912
20.219156;20.486956
20.218624;20.468500
20.217934;20.453337
20.220118;20.442249
20.225624;20.442835
20.232140;20.442844
20.000000;20.000000
20.238642;20.442785
20.244722;20.444027
20.252750;20.441813
20.235518;20.390471
20.000000;20.000000
20.235603;20.375154
20.242830;20.382416
20.000000;20.000000
20.247797;20.380411
20.000000;20.000000
20.000000;20.000000
20.257174;20.381395
20.000000;20.000000
20.000000;20.000000
20.872305;21.184452
20.000000;20.000000
20.899193;21.141342
20.928589;21.151157
20.297436;20.365202
20.933601;21.130285
20.991739;21.172924
20.998079;21.153023
21.019899;21.151194
21.043262;21.150396
21.070032;21.152979
21.093666;21.151363
21.122173;21.154480
21.141417;21.152412
21.173819;21.158167
21.200853;21.157660
21.227922;21.156796
21.258806;21.158848
21.287779;21.158211
21.322802;21.162462
21.346062;21.155506
21.386084;21.162434
21.421137;21.164019
21.445366;21.156338
21.474443;21.151806
21.523191;21.167240
21.560652;21.167461
21.599823;21.168303
21.641771;21.169977
21.690424;21.175562
21.727835;21.172318
21.774677;21.174269
21.823360;21.176546
21.870010;21.175900
21.924454;21.179205
21.974068;21.178328
22.019592;21.173943
22.079323;21.182404
22.146273;21.187738
22.192486;21.180300
22.261072;21.183323
22.331692;21.186029
22.406258;21.189026
22.475788;21.187851
22.557507;21.190462
22.642237;21.192808
22.718309;21.196533
22.812956;21.199436
22.919231;21.204597
23.034243;21.211058
23.124594;21.205288
23.236761;21.205610
23.366398;21.209251
23.497377;21.210682
23.632788;21.219458
23.810490;21.229708
24.006937;21.241968
24.199362;21.248405
24.364561;21.242596
24.591080;21.249224
26.456041;21.691690
26.076471;21.517124
20.000000;20.000000
26.026262;21.356277
26.034744;21.284821
26.475729;21.300369
20.000000;20.000000
20.000000;20.000000
20.000000;20.000000
20.000000;20.000000
20.000000;20.000000
20.000000;20.000000
20.000000;20.000000
32.381824;21.310663
20.000000;20.000000
20.000000;20.000000
20.000000;20.000000
32.451965;20.591383
32.413971;20.446508
32.433311;20.302835
32.197010;20.155535
32.350990;20.014210
32.522316;19.869135
32.433975;19.725775
20.264919;19.993471
31.868277;19.600462
20.000000;20.000000
20.000000;20.000000
20.000000;20.000000
20.000000;20.000000
26.030634;19.446291
20.250505;19.942585
20.243483;19.943285
20.243191;19.942049
20.000000;20.000000
20.243057;19.937357
20.000000;20.000000
20.247925;19.932310
20.242905;19.932905
20.000000;20.000000
20.000000;20.000000
20.246666;19.927853
20.244225;19.926657
20.000000;20.000000
20.236385;19.928368
20.000000;20.000000
20.243189;19.923292
20.245317;19.920105
20.000000;20.000000
20.000000;20.000000
20.000000;20.000000
20.243084;19.913548
20.000000;20.000000
20.000000;20.000000
20.000000;20.000000
20.000000;20.000000
21.508018;19.352880
21.461155;19.352985
21.409891;19.356020
21.369816;19.355175
21.332022;19.350353
21.290501;19.352121
21.256783;19.354195
21.222202;19.350632
21.187382;19.351358
21.183329;19.335783
21.185938;19.316107
21.184015;19.298941
21.181786;19.281618
21.184401;19.261076
21.189215;19.242458
21.184568;19.222383
21.184593;19.202553
21.192709;19.180700
21.192120;19.160585
21.192032;19.139791
21.193230;19.117697
21.194160;19.095575
21.194651;19.073202
21.196346;19.049452
21.194548;19.028065
21.195484;19.004032
21.194599;18.981260
21.194754;18.956947
21.198233;18.929165
21.201426;18.905834
21.200075;18.876366
21.200788;18.849489
21.203070;18.820234
21.207495;18.793432
21.203203;18.769495
21.207500;18.736097
21.211180;18.702438
21.209650;18.673813
21.208820;18.643444
21.206135;18.614428
21.210709;18.576151
21.218418;18.539499
21.214031;18.503517
21.213354;18.468370
21.219772;18.430191
21.220819;18.390652
21.219921;18.352488
21.224741;18.305216
20.000000;20.000000
21.563011;17.738585
21.568615;17.684259
21.557919;17.630236
21.558924;17.567701
21.574814;17.491335
21.588394;17.403284
21.575569;17.355824
21.574659;17.286844
21.568659;17.223486
21.545017;17.189703
21.503824;17.187841
21.461874;17.188330
21.423746;17.182272
21.377747;17.192877
21.339928;17.187916
21.299662;17.188900
21.251278;17.209719
21.250313;17.122938
21.257582;17.011848
21.259043;16.908552
21.257174;16.807623
21.221123;16.790449
20.000000;20.000000
20.000000;20.000000
20.000000;20.000000
20.000000;20.000000
21.024897;16.751858
20.000000;20.000000
20.000000;20.000000
20.000000;20.000000
21.478952;14.519031
21.394245;14.534018
21.331451;14.515297
21.308168;14.324820
21.240112;14.319796
21.169693;14.327339
21.111139;14.343093
21.051064;14.300098
20.000000;20.000000
20.000000;20.000000
21.597168;9.246968
21.459049;9.326261
21.340458;9.267385
21.206198;9.338012
21.089998;9.250119
20.964239;9.249154
20.831137;9.345368
20.708939;9.314492
20.594330;9.135243
20.462658;9.258960
20.338373;9.243320
20.211880;9.325103
20.088560;9.259365
19.963633;9.162061
19.838568;9.207208
19.714048;9.273811
19.587574;9.223889
19.470018;9.378214
20.000000;20.000000
20.000000;20.000000
20.000000;20.000000
20.000000;20.000000
20.000000;20.000000
20.000000;20.000000
20.000000;20.000000
18.467789;9.325405
20.000000;20.000000
20.000000;20.000000
20.000000;20.000000
20.000000;20.000000
20.000000;20.000000
20.000000;20.000000
20.000000;20.000000
20.000000;20.000000
18.044756;12.241584
20.000000;20.000000
18.055790;12.977150
20.000000;20.000000
18.044004;13.522899
20.000000;20.000000
20.000000;20.000000
20.000000;20.000000
20.000000;20.000000
20.000000;20.000000
20.000000;20.000000
20.000000;20.000000
17.982128;15.065656
18.001377;15.268826
17.996202;15.405989
17.989420;15.532588
17.989931;15.668690
17.982965;15.782513
17.981901;15.903079
17.975666;16.007927
17.972975;16.115017
17.981113;16.238556
17.983509;16.345407
17.977749;16.433418
17.975769;16.524519
17.954254;16.596506
17.956917;16.688551
17.958632;16.760546
17.965069;16.866831
17.967928;16.949934
17.960886;17.014997
17.961386;17.088821
17.946993;17.139475
17.949495;17.211819
17.957005;17.288506
17.948650;17.342667
17.949593;17.406649
17.944818;17.461697
17.941679;17.517273
17.938253;17.571049
17.942356;17.632116
17.940725;17.685482
17.949701;17.748713
17.944860;17.795324
17.933920;17.834507
17.929897;17.880083
17.932308;17.931118
17.926157;17.981482
20.000000;20.000000
17.922119;18.157681
17.919029;18.197622
17.928797;18.247719
17.922485;18.283329
17.920610;18.321989
19.796682;19.837946
17.918564;18.359840
17.923454;18.402390
19.791607;19.842859
17.913857;18.433191
17.944212;18.492971
20.000000;20.000000
17.862244;18.507874
17.897980;18.568792
20.000000;20.000000
20.000000;20.000000
17.891651;18.703661
17.899918;18.742081
17.904470;18.777613
17.899126;18.806942
17.895931;18.837198
17.893307;18.873428
20.000000;20.000000
19.794502;19.901236
19.756037;19.901758
19.767565;19.910698
19.766838;19.918486
19.766775;19.918663
20.000000;20.000000
20.000000;20.000000
19.771564;19.926401
19.765629;19.925257
20.000000;20.000000
20.000000;20.000000
19.767506;19.932844
20.000000;20.000000
19.753798;19.929855
19.761246;19.932917
20.000000;20.000000
20.000000;20.000000
19.762405;19.940220
20.000000;20.000000
19.763996;19.942108
19.756147;19.940531
19.764885;19.942686
20.000000;20.000000
20.000000;20.000000
20.000000;20.000000
20.000000;20.000000
20.000000;20.000000
20.000000;20.000000
20.000000;20.000000
20.000000;20.000000
20.000000;20.000000
12.733833;19.057798
12.597265;19.127283
12.649293;19.219761
12.569122;19.297604
12.546526;19.382614
12.554828;19.470184
12.554173;19.556885
12.590487;19.645250
20.000000;20.000000
12.526645;19.901834
12.582008;19.988621
12.618367;20.073605
12.563730;20.160437
12.493109;20.248392
12.528463;20.334030
12.573735;20.417662
12.485296;20.510149
12.523562;20.594034
20.000000;20.000000
19.793896;20.019243
12.671585;20.753014
12.605308;20.846621
20.000000;20.000000
12.241491;21.070402
20.000000;20.000000
20.000000;20.000000
14.385888;20.974140
14.718211;20.991253
15.048677;20.988335
15.266901;21.002005
15.498312;21.007261
15.727340;21.008202
15.906158;21.015865
16.125307;21.009342
16.266548;21.018942
16.434631;21.025789
16.587461;21.024473
16.740822;21.019794
20.000000;20.000000
16.872288;21.058596
17.037516;21.040810
17.181326;21.027172
17.239273;21.042490
17.325960;21.045061
17.424934;21.047586
17.488783;21.055445
17.575499;21.052258
17.640802;21.056604
17.733109;21.047003
17.772392;21.060122
17.760597;21.097775
17.766340;21.127283
17.830046;21.126642
17.881191;21.131483
17.930399;21.136253
17.989666;21.139858
18.040182;21.141462
18.091316;21.141535
18.135258;21.144587
18.185043;21.143223
18.232864;21.141947
18.267069;21.148560
18.310173;21.148188
18.350685;21.148851
18.388538;21.150475
18.427027;21.155880
18.466764;21.149017
18.495441;21.160305
20.000000;20.000000
18.554531;21.168974
18.605158;21.155048
18.631508;21.160027
18.663939;21.159439
18.675982;21.176188
20.000000;20.000000
18.755487;21.158096
18.783487;21.158661
18.811634;21.163338
18.833944;21.163153
18.892841;21.161993
18.913097;21.167334
18.942862;21.162111
19.685238;20.347687
20.000000;20.000000
18.972357;21.156357
19.002581;21.175976
20.000000;20.000000
19.706491;20.382330
20.000000;20.000000
19.731344;20.367218
20.000000;20.000000
19.737598;20.369263
19.738794;20.374994
19.744249;20.376320
19.727234;20.430927
19.733402;20.430071
19.739401;20.431398
19.748356;20.432058
19.752960;20.431253
19.755989;20.437561
19.756828;20.450567
19.756872;20.460793
20.000000;20.000000
19.755846;20.476040
20.000000;20.000000
19.754326;20.487606
20.000000;20.000000
19.753178;20.501556
20.000000;20.000000
19.501421;21.112375
19.519537;21.106161
19.533566;21.108894
19.539942;21.129932
19.537317;21.167673
19.526222;21.237400
19.542223;21.238079
19.557961;21.239538
19.569769;21.252150
19.567558;21.307335
19.566998;21.361818
19.562757;21.421263
19.556211;21.503887
19.554111;21.578222
19.546356;21.665318
19.540794;21.766283
19.530312;21.878160
20.000000;20.000000
20.000000;20.000000
19.484865;22.388071
20.000000;20.000000
20.000000;20.000000
19.451590;23.014523
19.588285;22.453697
20.000000;20.000000
20.000000;20.000000
19.580046;23.031046
19.612427;23.055517
19.648928;23.050867
19.685284;23.042768
19.720402;23.045191
19.755747;23.048229
19.791311;23.043854
19.825888;23.054041
19.861170;23.052845
19.896290;23.063246
19.931515;23.065235
19.966871;23.057821
