20.000000;20.000000
20.000000;20.000000
20.000000;20.000000
20.711025;23.135389
20.752464;23.148327
20.789179;23.140356
20.827805;23.140739
20.868439;23.146349
20.902084;23.127502
20.000000;20.000000
21.811886;25.865526
20.414001;21.222818
20.424721;21.200058
20.436319;21.196955
20.454063;21.202103
20.215097;20.507280
20.217358;20.496508
20.219183;20.482555
20.218580;20.464104
20.216921;20.447163
20.220222;20.443314
20.227236;20.442009
20.233200;20.443419
20.000000;20.000000
20.238302;20.442968
20.000000;20.000000
20.247272;20.442612
20.238131;20.387709
20.233793;20.369202
20.245396;20.379585
20.000000;20.000000
20.251154;20.380602
20.000000;20.000000
20.262241;20.387625
20.000000;20.000000
20.000000;20.000000
20.331038;20.442970
20.864670;21.136456
20.000000;20.000000
20.318523;20.412291
20.904230;21.165329
20.918873;21.151260
20.929003;21.136652
20.928226;21.113955
20.993008;21.163973
21.005787;21.151623
21.028410;21.150314
21.052486;21.150110
21.080797;21.153881
21.103798;21.151371
21.132488;21.154192
21.161390;21.156502
21.184763;21.152714
21.214457;21.159370
21.239523;21.156116
21.276505;21.163214
21.300369;21.157637
21.331821;21.158222
21.371080;21.164707
21.396042;21.158300
21.435801;21.163433
21.449018;21.151758
21.497225;21.156712
21.540817;21.167206
21.583200;21.170656
21.614515;21.165085
21.658991;21.168156
21.707050;21.172613
21.744631;21.168873
21.789049;21.168793
21.841286;21.172670
21.886202;21.170744
21.940731;21.173622
21.996435;21.175898
22.044649;21.178562
22.100044;21.178251
22.164480;21.181602
22.229269;21.183611
22.291723;21.182898
22.358028;21.182684
22.431824;21.184591
22.505972;21.184942
22.594990;21.190399
22.666306;21.192919
22.757950;21.195721
22.857386;21.199648
22.963755;21.204058
23.070601;21.206158
23.181620;21.207354
23.291189;21.205444
23.432247;21.212139
23.571991;21.215075
23.717001;21.216480
23.901764;21.236485
24.089010;21.243813
24.274050;21.246117
24.501087;21.255846
24.664158;21.243210
26.460838;21.657249
25.684975;21.388153
26.009762;21.319912
26.661976;21.301926
20.000000;20.000000
20.000000;20.000000
32.246475;21.371183
20.000000;20.000000
32.261559;21.229027
20.000000;20.000000
20.000000;20.000000
20.000000;20.000000
20.000000;20.000000
20.000000;20.000000
32.512112;20.522121
32.331409;20.371342
32.391880;20.229321
32.493710;20.085047
32.336857;19.940861
32.251354;19.799128
20.263964;19.995647
20.000000;20.000000
20.265938;19.994263
32.403103;19.651493
20.000000;20.000000
26.590624;19.507492
26.084330;19.474285
20.000000;20.000000
20.000000;20.000000
20.000000;20.000000
20.000000;20.000000
20.245224;19.946463
20.242983;19.941187
20.243916;19.940788
20.245728;19.939774
20.245287;19.938009
20.248272;19.933594
20.252617;19.923317
20.243626;19.924692
20.244150;19.923014
20.241104;19.920094
20.244431;19.917427
20.244001;19.910206
20.251244;19.906719
20.000000;20.000000
20.000000;20.000000
20.000000;20.000000
20.000000;20.000000
21.525774;19.353731
20.000000;20.000000
21.475113;19.354908
20.000000;20.000000
21.426573;19.356483
20.000000;20.000000
21.382744;19.356848
21.347235;19.354250
20.000000;20.000000
21.304682;19.355928
20.000000;20.000000
20.000000;20.000000
21.270794;19.350840
21.233967;19.351494
20.000000;20.000000
21.199089;19.351961
21.182749;19.342951
21.183733;19.324318
21.184441;19.305573
21.184017;19.287239
21.185877;19.267242
21.189016;19.249617
21.189465;19.229895
21.186207;19.208553
21.190151;19.185812
21.187176;19.167467
21.190689;19.148203
21.192019;19.126171
21.194510;19.102678
21.195908;19.079735
21.195360;19.057877
21.196802;19.034023
21.192453;19.014473
21.196207;18.987785
21.193356;18.966005
21.196991;18.938297
21.204025;18.911674
21.199141;18.885626
21.204592;18.859282
21.204809;18.832047
21.209637;18.799835
21.203352;18.778046
21.207123;18.745434
21.207556;18.715487
21.209486;18.683151
21.212160;18.649115
21.208799;18.620739
21.208977;18.587818
21.211117;18.551641
21.217636;18.509031
21.215935;18.481932
21.217340;18.443510
21.221050;18.400881
21.220943;18.361969
21.218330;18.325274
21.216766;18.285975
21.564802;17.750778
21.563873;17.695543
21.561871;17.640030
21.561935;17.591059
21.558344;17.522322
21.586143;17.424194
21.581877;17.363091
21.567829;17.316423
21.569717;17.240179
21.548250;17.202908
21.514750;17.186895
21.476179;17.180002
21.434296;17.180893
21.383774;17.200304
21.348606;17.189848
21.304096;17.199776
21.261644;17.206709
21.248934;17.146338
21.253994;17.041813
21.258312;16.933100
21.257318;16.831337
21.230143;16.791754
21.255331;16.608894
21.020550;16.792440
21.492609;14.522734
21.407118;14.540416
21.338684;14.544854
21.339857;14.309613
21.254269;14.322905
21.185873;14.320483
21.122805;14.292391
20.000000;20.000000
21.047619;14.327935
20.000000;20.000000
20.000000;20.000000
20.000000;20.000000
21.494125;9.276590
20.000000;20.000000
21.368237;9.270891
21.231379;9.362031
20.000000;20.000000
21.111200;9.316634
20.983242;9.347281
20.862171;9.304694
20.738041;9.295412
20.616274;9.244641
20.491966;9.227227
20.364412;9.297202
20.239265;9.336684
20.115095;9.376623
20.000000;20.000000
19.991804;9.313004
20.000000;20.000000
19.867434;9.281819
20.000000;20.000000
19.742844;9.273082
19.615364;9.190842
19.496553;9.334876
19.364056;9.191692
18.484823;9.246218
18.348549;9.188401
18.072071;12.271849
20.000000;20.000000
20.000000;20.000000
20.000000;20.000000
18.030931;13.133762
20.000000;20.000000
18.061831;13.525893
17.968985;13.491536
20.000000;20.000000
20.000000;20.000000
20.000000;20.000000
20.000000;20.000000
20.000000;20.000000
17.996498;15.068438
20.000000;20.000000
18.003298;15.244146
20.000000;20.000000
18.001963;15.391489
20.000000;20.000000
17.999277;15.528165
20.000000;20.000000
17.985661;15.635406
17.984993;15.763820
20.000000;20.000000
17.988787;15.895240
20.000000;20.000000
17.980038;15.995630
17.971039;16.091225
17.978109;16.212942
17.974859;16.311359
20.000000;20.000000
17.977905;16.416098
20.000000;20.000000
17.971569;16.500359
20.000000;20.000000
17.961437;16.592199
20.000000;20.000000
17.953440;16.667206
20.000000;20.000000
17.950636;16.747856
20.000000;20.000000
17.964624;16.851629
17.961395;16.925457
17.963249;17.004915
17.965242;17.081245
17.948380;17.128641
17.944157;17.192171
17.956129;17.275404
17.948423;17.330221
17.944553;17.388973
17.947666;17.454254
17.941828;17.506767
17.945318;17.568998
17.936232;17.614925
17.939867;17.674210
17.951311;17.740492
17.943392;17.784397
17.935738;17.827253
17.926201;17.876705
17.936676;17.926762
17.918978;17.965929
17.928034;18.154036
17.913548;18.184105
17.930717;18.240816
17.922924;18.274961
17.929459;18.320591
17.916388;18.349689
17.922852;18.393349
19.790514;19.839340
17.915525;18.425989
19.790930;19.843760
17.935387;18.477962
17.916246;18.500849
17.840883;18.484329
17.900316;18.561823
17.906357;18.737192
20.000000;20.000000
17.908230;18.771189
17.906269;18.802488
17.896126;18.828600
17.887955;18.855944
17.897829;18.892639
19.795877;19.896196
19.793577;19.898563
19.757055;19.907381
19.767080;19.911970
20.000000;20.000000
19.766699;19.918888
19.766722;19.921917
20.000000;20.000000
19.765997;19.924112
19.753080;19.925201
19.761631;19.928017
19.761591;19.928154
19.766594;19.936081
19.766502;19.936419
19.766054;19.942114
19.762566;19.943781
19.747381;19.942865
19.756811;19.946516
14.654277;19.175058
14.184715;19.171543
13.007471;19.070776
12.671541;19.112522
12.565314;19.187052
12.545436;19.272284
12.527533;19.357954
12.556488;19.447346
20.000000;20.000000
12.524629;19.532106
12.483750;19.617025
20.000000;20.000000
12.500797;19.705069
20.000000;20.000000
20.000000;20.000000
12.515994;19.878012
20.000000;20.000000
12.663084;19.964828
20.000000;20.000000
12.515168;20.050232
20.000000;20.000000
12.511243;20.136431
20.000000;20.000000
12.570283;20.220882
20.000000;20.000000
12.532380;20.308750
20.000000;20.000000
12.531433;20.394905
20.000000;20.000000
12.489568;20.483824
20.000000;20.000000
12.536513;20.567089
20.000000;20.000000
12.512650;20.655621
20.000000;20.000000
12.415205;20.752176
19.795141;20.021645
12.602272;20.819675
12.578560;21.082693
14.307263;20.965309
14.607147;20.990168
14.935893;20.990164
15.191523;20.998230
15.395739;21.011225
15.621024;21.014690
15.845752;21.013115
16.048523;21.011967
16.220104;21.023445
16.373568;21.026815
16.540016;21.022825
16.692493;21.019272
16.835842;21.015100
16.786068;21.072002
16.980984;21.045736
17.130713;21.031305
17.216799;21.036671
17.286858;21.046576
17.379410;21.052370
17.458191;21.054852
20.000000;20.000000
17.542290;21.053535
17.617674;21.053827
20.000000;20.000000
17.717398;21.041540
17.752153;21.057093
20.000000;20.000000
17.774364;21.078089
17.763754;21.115438
17.802534;21.127850
17.860867;21.129454
17.911793;21.133476
17.967873;21.133751
18.020868;21.140039
18.064240;21.144917
18.110987;21.147053
18.157408;21.148085
18.211292;21.143528
18.243801;21.151419
18.288813;21.150513
18.326862;21.153099
18.372095;21.149773
18.406605;21.153334
18.442471;21.154911
18.480658;21.154150
18.548498;21.161474
18.621689;21.156139
18.648849;21.160324
18.703598;21.139482
18.743666;21.130365
18.738474;21.161798
18.769390;21.159775
18.796291;21.166216
18.823990;21.165907
18.878294;21.164675
18.904902;21.163771
18.929981;21.163881
19.690281;20.341459
18.954134;21.164213
18.984028;21.185125
19.096519;21.104561
19.700953;20.381832
19.726404;20.369791
19.736979;20.367592
19.739544;20.373077
19.741100;20.376589
20.000000;20.000000
19.747433;20.378464
20.000000;20.000000
19.722895;20.430531
19.730942;20.430897
19.737518;20.431425
19.745489;20.431538
19.751554;20.430447
19.756523;20.433275
19.755335;20.442917
19.755713;20.454510
19.755554;20.470263
19.756470;20.481968
19.754814;20.496790
19.755150;20.508080
19.513096;21.104433
20.000000;20.000000
19.527014;21.107203
19.540272;21.111692
19.539085;21.152231
19.537840;21.237516
19.549147;21.242744
19.567867;21.244085
19.568401;21.281260
19.567883;21.333746
19.563841;21.390184
20.000000;20.000000
19.557800;21.468882
19.554916;21.543093
19.547562;21.625198
19.542030;21.722147
19.530714;21.833908
19.528828;21.934444
19.468998;22.396887
19.430592;23.034031
19.468596;23.024673
19.600082;22.474897
19.539518;23.030212
20.000000;20.000000
20.000000;20.000000
20.000000;20.000000
20.000000;20.000000
20.000000;20.000000
