20.004116;23.065998
20.039375;23.064747
20.075293;23.079079
20.110970;23.077000
20.147610;23.095482
20.182917;23.088589
20.218874;23.088253
20.254684;23.085506
20.291010;23.091333
20.327904;23.097692
20.358793;23.050976
20.372551;22.832605
20.383533;22.675652
20.443073;22.854822
20.430918;22.580265
20.462759;22.585920
20.493851;22.586271
20.530783;22.614670
20.604446;22.840397
20.705532;23.137655
20.746035;23.146774
20.782248;23.136938
20.821321;23.139339
20.860857;23.141174
20.897238;23.130976
20.939230;23.139519
21.810860;25.898279
20.413166;21.227322
20.420330;21.202663
20.435865;21.193928
20.453043;21.205692
20.214222;20.507652
20.217392;20.501945
20.219219;20.484734
20.217033;20.468138
20.216547;20.450674
20.220520;20.443165
20.225170;20.441944
20.232603;20.443729
20.000000;20.000000
20.240137;20.443115
20.245743;20.443462
20.253345;20.444927
20.236309;20.387653
20.000000;20.000000
20.235783;20.375040
20.000000;20.000000
20.244995;20.379843
20.000000;20.000000
20.251593;20.380312
20.000000;20.000000
20.260750;20.386219
20.000000;20.000000
20.879606;21.191492
20.331074;20.441694
20.866327;21.140221
20.908848;21.173138
20.918667;21.157816
20.926470;21.140007
20.930470;21.113386
20.998713;21.172251
21.003698;21.150789
21.028303;21.151751
21.050364;21.149340
21.080021;21.154606
21.101061;21.149839
21.129725;21.152700
21.159307;21.155756
21.184925;21.153978
21.210897;21.157305
21.238970;21.156712
21.270037;21.158434
21.297575;21.156263
21.331377;21.158733
21.363775;21.159403
21.395597;21.158836
21.431583;21.160698
21.450439;21.148357
21.495310;21.155918
21.540659;21.162441
21.582865;21.171112
21.612669;21.164225
21.657949;21.167898
21.706001;21.172373
21.743689;21.168484
21.790611;21.170057
21.842016;21.173384
21.884502;21.169689
21.941586;21.174141
21.986204;21.175522
22.043030;21.177368
22.110624;21.183920
22.164707;21.181187
22.229496;21.183184
22.291950;21.182459
22.358370;21.182007
22.432165;21.183893
22.502697;21.182512
22.596241;21.190069
22.673840;21.188299
22.750954;21.191746
22.854042;21.197277
22.971630;21.205929
23.071062;21.204979
23.186758;21.207907
23.288834;21.203152
23.428940;21.209494
23.552574;21.206949
23.707180;21.220747
23.900330;21.234385
24.084703;21.240791
24.264925;21.241682
24.501568;21.254120
24.685047;21.246372
26.481976;21.659361
25.685764;21.372183
20.000000;20.000000
26.030781;21.322104
20.000000;20.000000
26.666401;21.300137
20.000000;20.000000
20.000000;20.000000
20.000000;20.000000
20.000000;20.000000
20.000000;20.000000
20.000000;20.000000
32.345127;21.379833
32.404083;21.240910
20.000000;20.000000
20.000000;20.000000
32.469147;20.520329
32.317451;20.369740
32.405899;20.228390
32.436710;20.084658
32.522858;19.939968
20.263981;19.996759
32.335342;19.797750
20.265938;19.994236
32.234203;19.657412
20.000000;20.000000
20.000000;20.000000
20.000000;20.000000
26.614605;19.506338
26.077406;19.475471
20.247797;19.948954
20.254107;19.944956
20.243162;19.941933
20.242994;19.941233
20.243795;19.940296
20.245024;19.936974
20.000000;20.000000
20.247990;19.932549
20.256317;19.928883
20.000000;20.000000
20.000000;20.000000
20.000000;20.000000
20.243467;19.924177
20.000000;20.000000
20.242744;19.921894
20.000000;20.000000
20.000000;20.000000
20.242933;19.916140
20.246656;19.914669
20.241682;19.915585
20.253569;19.910202
20.000000;20.000000
20.000000;20.000000
20.000000;20.000000
20.000000;20.000000
21.525465;19.353001
21.472971;19.355003
21.426203;19.355663
21.386000;19.354362
21.346863;19.353474
21.304678;19.351412
21.269468;19.350443
21.236732;19.352459
21.199533;19.350681
21.182308;19.342157
21.184147;19.323027
21.183975;19.304779
21.182682;19.286961
21.185385;19.266447
21.187668;19.249353
21.187246;19.226477
21.184845;19.208313
21.189606;19.185013
21.189272;19.168716
21.189304;19.147987
21.193850;19.123596
21.193193;19.102592
21.194586;19.079657
21.193249;19.058428
21.196245;19.033337
21.191885;19.013786
21.196486;18.986567
21.192959;18.965549
21.196585;18.937838
21.202229;18.912670
21.200285;18.883919
21.198957;18.859156
21.203979;18.832626
21.210232;18.799015
21.203352;18.778046
21.207123;18.745434
21.208241;18.714758
21.207582;18.685476
21.211622;18.649975
21.210382;18.619467
21.209383;18.588165
21.210892;18.552757
21.213146;18.515694
21.219790;18.478615
21.218086;18.444094
21.221817;18.401466
21.221287;18.363472
21.218117;18.327591
21.219654;18.284346
21.565384;17.753620
21.569014;17.691780
21.565891;17.637894
21.563467;17.593245
21.577707;17.508528
21.589136;17.424866
21.577442;17.376759
21.575958;17.308435
21.565924;17.252979
21.548990;17.207890
21.514803;17.192604
21.476559;17.185846
21.434273;17.187614
21.388409;17.197018
21.352331;17.188311
21.308203;17.197277
21.265024;17.204945
21.251799;17.146502
21.259285;17.036455
21.259521;16.936840
21.256792;16.839735
21.239777;16.774029
21.249607;16.631302
20.000000;20.000000
20.000000;20.000000
20.000000;20.000000
21.003866;16.852196
20.000000;20.000000
20.000000;20.000000
20.000000;20.000000
21.491777;14.488312
21.417236;14.512044
21.348463;14.516365
21.339054;14.322781
21.268305;14.329099
21.184776;14.336599
21.137810;14.291285
21.045794;14.346920
20.000000;20.000000
20.000000;20.000000
20.000000;20.000000
21.507233;9.212790
21.373747;9.260505
21.250103;9.245412
21.117361;9.307221
20.989370;9.347848
20.873501;9.241402
20.741545;9.348783
20.627253;9.180166
20.503756;9.151690
20.373352;9.276498
20.249958;9.272912
20.126005;9.227736
20.002069;9.206000
19.878075;9.313696
19.753864;9.304832
19.626005;9.168455
19.501902;9.206487
19.378391;9.223913
19.245127;9.112137
20.000000;20.000000
20.000000;20.000000
20.000000;20.000000
20.000000;20.000000
20.000000;20.000000
18.492832;9.190567
20.000000;20.000000
20.000000;20.000000
20.000000;20.000000
20.000000;20.000000
20.000000;20.000000
20.000000;20.000000
20.000000;20.000000
20.000000;20.000000
20.000000;20.000000
18.021442;12.380702
20.000000;20.000000
18.033926;13.089228
18.066946;13.493062
17.980974;13.479431
20.000000;20.000000
20.000000;20.000000
20.000000;20.000000
20.000000;20.000000
20.000000;20.000000
20.000000;20.000000
18.011417;15.069950
18.009075;15.223302
17.991360;15.333978
17.994644;15.485340
17.986141;15.604366
17.985659;15.733625
17.984854;15.857099
17.976337;15.959436
17.978542;16.077211
17.978132;16.185745
17.976971;16.287409
17.977039;16.387905
17.975010;16.479895
17.961655;16.566460
17.959431;16.651819
17.965052;16.730568
17.958221;16.817690
17.970369;16.915934
17.966345;16.985910
17.965651;17.059050
17.954227;17.114660
17.949966;17.178030
17.954388;17.251738
17.953827;17.316011
17.952986;17.378548
17.950819;17.437614
17.946182;17.491535
17.933924;17.535454
17.937386;17.596771
17.936934;17.651463
17.945265;17.714962
17.942814;17.764507
17.941702;17.814728
17.932453;17.855310
17.931793;17.903444
17.934610;17.954317
20.000000;20.000000
17.929502;18.138901
17.919323;18.172941
17.933353;18.226952
17.925188;18.261322
17.921408;18.298807
17.922283;18.339069
19.795538;19.839392
17.916555;18.373743
17.919306;18.414387
19.790619;19.840851
17.924469;18.455740
17.934206;18.499899
20.000000;20.000000
17.885294;18.537790
17.882568;18.571924
20.000000;20.000000
17.901575;18.721930
17.908392;18.759115
17.902796;18.788464
17.904572;18.821697
17.905081;18.853764
17.907040;18.885929
19.795963;19.891693
20.000000;20.000000
19.792261;19.901283
19.767849;19.909964
19.766273;19.920118
19.766151;19.920477
19.765045;19.920628
19.766653;19.922117
20.000000;20.000000
19.766048;19.923954
20.000000;20.000000
19.760876;19.927061
20.000000;20.000000
19.766771;19.931784
20.000000;20.000000
19.767921;19.935032
20.000000;20.000000
20.000000;20.000000
19.765072;19.937887
19.765682;19.939512
20.000000;20.000000
19.760231;19.940674
20.000000;20.000000
19.752031;19.940533
20.000000;20.000000
20.000000;20.000000
20.000000;20.000000
20.000000;20.000000
20.000000;20.000000
20.000000;20.000000
20.000000;20.000000
20.000000;20.000000
20.000000;20.000000
20.000000;20.000000
12.765501;19.169613
12.616097;19.239140
12.557044;19.319494
12.554692;19.405565
12.579274;19.493372
12.563952;19.578211
12.553598;19.663517
20.000000;20.000000
12.515416;19.921064
12.608004;20.007088
12.515581;20.093288
12.595144;20.178226
12.488754;20.267282
12.523292;20.352219
12.517856;20.438797
12.507439;20.525969
12.513986;20.612133
12.340380;20.715868
19.796015;20.020367
12.668365;20.770397
12.503893;20.874983
20.000000;20.000000
12.381421;21.067478
20.000000;20.000000
20.000000;20.000000
14.419583;20.992561
14.788008;20.989021
15.071262;20.994148
15.311859;21.001883
15.525614;21.010166
15.755450;21.009735
15.963409;21.009880
16.165842;21.006245
16.298529;21.025864
16.471947;21.021650
16.617952;21.021685
16.768244;21.017002
20.000000;20.000000
16.908098;21.052094
17.059017;21.038645
17.178211;21.033213
17.251060;21.042559
17.344667;21.048918
17.426344;21.051043
17.502180;21.053761
17.585165;21.051916
17.652155;21.055035
17.734314;21.049610
17.761883;21.068283
17.759960;21.101019
17.771099;21.127832
17.835670;21.126621
17.891975;21.128323
17.938498;21.134380
17.998585;21.137339
18.046459;21.140316
18.093161;21.142668
18.138910;21.144802
18.194489;21.139452
18.233849;21.143473
18.274614;21.145464
18.311991;21.149082
18.355667;21.147255
18.395115;21.147638
18.428593;21.151253
18.468445;21.149593
18.499388;21.158869
20.000000;20.000000
18.552984;21.171831
18.602085;21.159176
18.638386;21.155767
18.668489;21.157055
18.687868;21.166981
20.000000;20.000000
18.757727;21.157568
18.781260;21.162121
18.811283;21.160116
18.831783;21.166649
18.894089;21.161798
18.914339;21.167122
18.945436;21.160397
19.684639;20.347143
18.975567;21.153858
20.000000;20.000000
20.000000;20.000000
20.000000;20.000000
20.000000;20.000000
19.735092;20.367468
20.000000;20.000000
19.739372;20.370516
19.738974;20.375118
19.746651;20.376736
19.720825;20.430384
19.728392;20.431658
19.734558;20.430786
19.741117;20.431263
19.748156;20.430784
19.753208;20.431396
19.756721;20.439112
19.755619;20.451050
19.756672;20.461817
19.753561;20.475988
20.000000;20.000000
19.754339;20.490971
20.000000;20.000000
19.755680;20.502781
20.000000;20.000000
20.000000;20.000000
19.501865;21.113670
19.520281;21.106483
19.534697;21.108286
19.540056;21.132137
19.538961;21.173697
19.527172;21.237762
19.545561;21.240374
19.561314;21.241791
19.570082;21.254372
19.567621;21.310514
19.567135;21.365009
19.562967;21.424465
19.555954;21.509024
19.554237;21.582413
19.545536;21.673386
19.539721;21.775303
19.530058;21.885313
20.000000;20.000000
19.466770;22.347193
20.000000;20.000000
20.000000;20.000000
20.000000;20.000000
19.453434;23.015873
19.589931;22.453974
19.520924;23.042513
19.580336;23.031086
19.615274;23.037735
19.649284;23.052921
19.685970;23.041834
19.721188;23.046267
19.757021;23.043316
19.791845;23.048903
19.826719;23.060099
19.862635;23.052912
19.897758;23.063293
19.933029;23.063269
19.968599;23.060839
