20.025969;23.077890
20.061272;23.057386
20.097229;23.081467
20.133184;23.085127
20.169840;23.099350
20.205053;23.086195
20.241076;23.086599
20.275612;23.069653
20.314131;23.095100
20.349566;23.087273
20.361666;22.893484
20.377079;22.713928
20.406002;22.692562
20.421957;22.593904
20.451159;22.583908
20.482203;22.584400
20.516047;22.598249
20.590216;22.832153
20.692806;23.141514
20.731922;23.144953
20.769245;23.141182
20.807625;23.139793
20.846598;23.139870
20.885952;23.140423
20.923452;23.133772
20.000000;20.000000
21.829964;25.805412
20.418139;21.203426
20.428753;21.197561
20.000000;20.000000
20.445864;21.200903
20.217829;20.508291
20.217915;20.489704
20.216488;20.471693
20.216431;20.457376
20.218378;20.443111
20.223925;20.443697
20.230955;20.442335
20.237490;20.442270
20.244537;20.442987
20.248737;20.442938
20.226746;20.385221
20.236408;20.391100
20.000000;20.000000
20.235437;20.377617
20.000000;20.000000
20.244112;20.381599
20.000000;20.000000
20.248524;20.378742
20.000000;20.000000
20.255692;20.379982
20.000000;20.000000
20.000000;20.000000
20.871849;21.184786
20.000000;20.000000
20.898975;21.141514
20.931644;21.149973
20.303644;20.373043
20.934238;21.131056
20.000000;20.000000
20.998190;21.152927
21.020895;21.151649
21.043592;21.150097
21.070475;21.152567
21.094109;21.150944
21.120876;21.157133
21.142078;21.151754
21.175308;21.158081
21.200909;21.156160
21.233179;21.159966
21.263830;21.156330
21.288033;21.156431
21.323275;21.160406
21.347281;21.154085
21.387421;21.160839
21.421701;21.161751
21.451496;21.158278
21.477457;21.151196
21.526527;21.161224
21.560078;21.158192
21.602421;21.166435
21.645193;21.168615
21.693161;21.173374
21.730684;21.169895
21.776814;21.171034
21.827295;21.174128
21.872997;21.173021
21.925745;21.175177
21.976212;21.174730
22.018391;21.174021
22.084085;21.180092
22.147556;21.183344
22.195513;21.176775
22.263111;21.179419
22.335632;21.182684
22.412008;21.186405
22.474339;21.181616
22.563187;21.187729
22.646334;21.195881
22.731476;21.196394
22.814215;21.193920
22.932522;21.203835
23.034586;21.204790
23.130518;21.201027
23.245516;21.202145
23.378014;21.206480
23.527945;21.214071
23.645437;21.216318
23.827007;21.227345
24.030218;21.241142
24.192999;21.238205
24.394724;21.242535
24.615551;21.246857
26.447498;21.676907
25.670748;21.391594
20.000000;20.000000
26.015059;21.342249
26.138834;21.295298
26.526146;21.298130
20.000000;20.000000
20.000000;20.000000
20.000000;20.000000
20.000000;20.000000
20.000000;20.000000
20.000000;20.000000
32.312202;21.421587
32.327988;21.277483
20.000000;20.000000
20.000000;20.000000
20.000000;20.000000
32.415047;20.415562
32.334053;20.269655
32.308365;20.125090
32.294987;19.982319
20.265997;19.998852
32.363934;19.837593
20.264946;19.994614
32.418201;19.692768
20.000000;20.000000
20.000000;20.000000
20.000000;20.000000
20.000000;20.000000
26.103951;19.492630
26.018951;19.428736
20.248932;19.949516
20.245163;19.946180
20.243301;19.942514
20.243000;19.941256
20.000000;20.000000
20.000000;20.000000
20.242975;19.933161
20.000000;20.000000
20.245768;19.928345
20.242832;19.928999
20.000000;20.000000
20.243322;19.927130
20.245653;19.924479
20.000000;20.000000
20.244986;19.922337
20.000000;20.000000
20.000000;20.000000
20.245361;19.917061
20.000000;20.000000
20.242250;19.914185
20.000000;20.000000
20.247334;19.907686
20.000000;20.000000
20.000000;20.000000
21.549080;19.349808
21.497456;19.351114
21.444244;19.354336
21.399424;19.354792
21.361198;19.353325
21.325823;19.351332
21.281591;19.354439
21.246016;19.350792
21.212902;19.350195
21.183445;19.348343
21.185444;19.329355
21.185366;19.311125
21.185091;19.292923
21.187113;19.273069
21.182903;19.256800
21.191021;19.236000
21.187943;19.214781
21.188049;19.198734
21.188452;19.174536
21.191252;19.155890
21.191980;19.134604
21.191490;19.113672
21.193058;19.090818
21.194256;19.067810
21.197420;19.042780
21.195522;19.021351
21.198650;18.995344
21.196119;18.973806
21.196909;18.948782
21.199507;18.921597
21.199425;18.896242
21.201403;18.873394
21.206289;18.842222
21.204905;18.816393
21.205902;18.787605
21.201513;18.763659
21.211191;18.724422
21.210594;18.695063
21.206120;18.669252
21.208632;18.635250
21.209728;18.601660
21.212143;18.565569
21.217123;18.531919
21.215742;18.498468
21.221189;18.455442
21.220909;18.418425
21.219332;18.382006
21.222404;18.338165
21.218790;18.302162
20.000000;20.000000
21.566036;17.718811
21.561722;17.667561
21.560036;17.622053
21.562195;17.546059
21.566309;17.475418
21.587170;17.387312
21.576616;17.335512
21.571821;17.272495
21.580191;17.182928
21.537346;17.183220
21.497335;17.179852
21.446630;17.197327
21.413124;17.182522
21.369398;17.188793
21.327986;17.192209
21.291573;17.185173
21.243385;17.205099
21.256285;17.086294
21.257458;16.987942
21.252020;16.900307
21.253386;16.791098
21.222431;16.759933
21.249424;16.568377
20.000000;20.000000
20.000000;20.000000
20.000000;20.000000
21.014967;16.751884
20.000000;20.000000
20.000000;20.000000
20.000000;20.000000
21.470177;14.494931
21.380093;14.530427
21.349133;14.433149
21.290462;14.337176
21.236561;14.328233
21.158089;14.314753
21.103479;14.310014
21.021994;14.311069
21.029156;13.944837
20.000000;20.000000
21.570269;9.265241
21.429779;9.365686
21.303762;9.370659
21.180176;9.367296
21.061001;9.311531
20.935019;9.321858
20.815367;9.268932
20.688066;9.303106
20.566772;9.241920
20.441935;9.236069
20.314291;9.359641
20.194298;9.163742
20.068439;9.184216
19.944283;9.238144
19.819630;9.250513
19.694630;9.242333
19.568577;9.214625
19.446737;9.263246
20.000000;20.000000
20.000000;20.000000
20.000000;20.000000
20.000000;20.000000
20.000000;20.000000
20.000000;20.000000
20.000000;20.000000
18.443661;9.274327
20.000000;20.000000
20.000000;20.000000
18.042902;9.171437
20.000000;20.000000
20.000000;20.000000
20.000000;20.000000
20.000000;20.000000
20.000000;20.000000
18.053261;12.318855
20.000000;20.000000
18.048779;12.988437
20.000000;20.000000
18.038256;13.532997
20.000000;20.000000
20.000000;20.000000
20.000000;20.000000
20.000000;20.000000
20.000000;20.000000
20.000000;20.000000
20.000000;20.000000
17.989359;15.099436
18.004519;15.291386
17.997732;15.423871
17.989632;15.546753
17.980307;15.661033
17.996679;15.822513
17.986879;15.924038
17.980974;16.028784
17.975739;16.129368
17.988289;16.259676
17.981808;16.349775
17.979460;16.442797
17.974615;16.528664
17.961206;16.597000
17.951540;16.684820
17.957666;16.778902
17.967083;16.873871
17.964800;16.948412
17.965099;17.024231
17.952808;17.078957
17.951147;17.147572
17.952576;17.218243
17.958633;17.292288
17.950586;17.346226
17.953688;17.412336
17.945833;17.463448
17.940165;17.515930
17.938902;17.571812
17.938421;17.627588
17.935631;17.679308
17.943401;17.740923
17.943920;17.793467
17.932472;17.831741
17.929810;17.878773
17.932903;17.930523
17.926216;17.979990
20.000000;20.000000
17.922432;18.155823
17.915707;18.192295
17.929211;18.245682
17.924574;18.282373
17.925009;18.322908
17.918253;18.357004
19.793671;19.838531
17.925472;18.401407
19.793280;19.842310
17.915060;18.431593
17.941338;18.488436
20.000000;20.000000
17.856831;18.501650
17.901556;18.568871
20.000000;20.000000
20.000000;20.000000
20.000000;20.000000
17.911293;18.746445
17.907253;18.776814
17.900158;18.805130
17.897697;18.836069
17.897545;18.867647
20.000000;20.000000
19.794579;19.901077
19.767633;19.910521
19.754227;19.906384
19.766729;19.918798
20.000000;20.000000
19.772272;19.924236
19.765623;19.922049
19.766520;19.922522
20.000000;20.000000
20.000000;20.000000
19.754660;19.923466
20.000000;20.000000
19.762350;19.929102
20.000000;20.000000
19.767122;19.934181
20.000000;20.000000
19.766655;19.935858
20.000000;20.000000
20.000000;20.000000
19.762320;19.940561
20.000000;20.000000
19.763668;19.943468
20.000000;20.000000
20.000000;20.000000
19.754482;19.947826
20.000000;20.000000
20.000000;20.000000
20.000000;20.000000
20.000000;20.000000
20.000000;20.000000
20.000000;20.000000
12.709495;19.051088
12.679116;19.133373
12.644696;19.215708
12.574438;19.294516
12.514934;19.376385
12.540121;19.465544
12.544405;19.552717
12.585664;19.641457
20.000000;20.000000
12.546681;19.899239
12.582014;19.985777
12.567342;20.071262
12.563669;20.157585
12.525020;20.245184
12.559337;20.330505
12.506761;20.419989
12.464247;20.510126
12.502514;20.594259
19.793806;20.018255
12.322685;20.698221
12.610760;20.757832
12.584200;20.846876
20.000000;20.000000
20.000000;20.000000
20.000000;20.000000
20.000000;20.000000
14.355954;20.977106
14.702105;20.992172
15.038586;20.988865
15.264560;21.000603
15.476456;21.010330
15.693859;21.014359
15.894121;21.017181
16.118050;21.009245
16.257378;21.019516
16.415878;21.029325
16.594633;21.020540
16.740334;21.018232
20.000000;20.000000
16.865047;21.059036
17.034185;21.040382
17.178858;21.026234
17.234831;21.042048
17.317327;21.053183
17.414967;21.049620
17.486231;21.054533
17.570206;21.052616
17.638166;21.055611
17.729481;21.046301
17.770678;21.058842
17.764143;21.093645
17.765369;21.125357
17.827406;21.125896
17.879442;21.130327
17.927774;21.135628
17.983570;21.141272
18.041901;21.138451
18.087008;21.142122
18.131931;21.144901
18.179935;21.144493
18.226107;21.144386
18.262852;21.149437
18.306093;21.149300
18.342525;21.152884
18.387756;21.154537
18.423708;21.151350
18.465193;21.148588
20.000000;20.000000
18.492111;21.155972
18.557636;21.164862
18.601301;21.156662
18.628550;21.161179
18.663160;21.158543
20.000000;20.000000
18.668461;21.181273
18.754087;21.158060
18.778473;21.162098
18.810249;21.163353
18.833984;21.161776
18.892174;21.161354
18.911745;21.167440
18.942194;21.161503
19.685711;20.346766
20.000000;20.000000
18.967705;21.160248
19.003847;21.173115
20.000000;20.000000
19.705015;20.383718
20.000000;20.000000
20.000000;20.000000
19.732719;20.368221
19.738165;20.369665
19.739939;20.374573
19.746777;20.375614
19.725996;20.430141
19.733496;20.431305
19.739113;20.431223
19.745655;20.431637
19.752628;20.431065
19.757586;20.438448
19.756012;20.448988
20.000000;20.000000
19.756519;20.460606
20.000000;20.000000
19.754431;20.475311
19.753952;20.487417
20.000000;20.000000
20.000000;20.000000
19.754957;20.502430
19.500977;21.111080
19.518290;21.106709
19.532715;21.108536
19.540586;21.125875
19.539364;21.167408
19.525272;21.237036
19.541393;21.237772
19.557129;21.239243
19.569254;21.250916
19.566807;21.307085
19.563953;21.358747
19.562075;21.421053
19.555351;21.504675
19.552961;21.579975
19.544928;21.668037
19.540117;21.766108
20.000000;20.000000
19.529222;21.880981
20.000000;20.000000
19.482508;22.396770
20.000000;20.000000
20.000000;20.000000
19.451410;23.015505
19.588285;22.453697
20.000000;20.000000
20.000000;20.000000
19.565250;23.035021
19.598141;23.057707
19.637085;23.033367
19.671867;23.041349
19.707075;23.045948
19.742598;23.047148
19.777599;23.050905
19.812944;23.054277
19.848339;23.057241
19.883928;23.055796
19.919306;23.059937
19.954792;23.061666
19.990255;23.079985
