20.000000;14.000000
20.164547;21.271139
20.245867;21.200804
20.328236;21.187510
20.412275;21.207218
20.501543;21.294779
20.573023;21.134024
20.657255;21.150858
20.739893;21.146803
20.826527;21.176561
20.913313;21.200308
21.003500;21.242813
21.083044;21.206066
21.161236;21.164503
21.251123;21.194017
21.011431;19.380766
21.017399;19.089302
21.041264;18.913889
21.059483;18.730814
21.082132;18.584003
21.098658;18.425669
21.123032;18.311129
21.170301;18.291283
21.221512;18.284266
21.272432;18.275681
21.334869;18.303738
21.391973;18.311888
20.000000;14.000000
20.000000;14.000000
20.000000;14.000000
20.216005;14.514495
20.219477;14.506492
20.220091;14.486535
20.218628;14.466290
20.216372;14.452976
20.221371;14.442742
20.225412;14.442943
20.233326;14.443351
20.000000;14.000000
20.239819;14.441011
20.245403;14.443651
20.253405;14.443743
20.235825;14.387947
20.000000;14.000000
20.235809;14.376204
20.000000;14.000000
20.244450;14.380196
20.000000;14.000000
20.248234;14.380126
20.000000;14.000000
20.258154;14.385554
20.000000;14.000000
21.376650;15.899618
21.360889;15.824324
21.377710;15.802852
20.310879;14.403033
21.418558;15.820592
21.385849;15.729184
21.391224;15.695212
20.000000;14.000000
21.479090;15.719337
21.485949;15.694837
21.522877;15.696835
21.567017;15.698583
21.604465;15.699194
21.641159;15.705663
20.000000;14.000000
20.000000;14.000000
21.720894;15.668571
21.729944;15.631618
21.737858;15.608500
21.739088;15.565621
21.739483;15.536633
21.744934;15.506065
21.754835;15.472832
21.757015;15.446745
21.756536;15.412478
21.765493;15.380258
21.770258;15.351191
21.768974;15.318017
21.777674;15.292702
21.778687;15.262156
21.781580;15.233639
21.785826;15.206172
21.773697;15.168492
21.791340;15.150540
21.794287;15.123487
21.792686;15.093743
21.792257;15.065382
21.807093;15.046021
21.807682;15.018780
21.808857;14.991972
21.805151;14.963094
21.815313;14.941628
21.817989;14.916629
21.816826;14.889760
21.821606;14.866048
21.822369;14.840844
21.827436;14.817605
21.831217;14.794140
21.835697;14.770907
21.839811;14.747855
21.837196;14.722073
21.521650;14.570267
21.514727;14.551497
21.524033;14.531339
21.527063;14.516356
21.532902;14.498753
21.533865;14.475912
21.534491;14.456660
21.537762;14.438281
21.534985;14.418456
21.540703;14.400873
21.542301;14.382400
21.235777;14.288476
21.239040;14.274120
21.243660;14.257311
21.243593;14.242412
21.243372;14.227429
21.252806;14.214291
21.250814;14.201873
21.252476;14.184560
21.251558;14.169616
21.252090;14.157844
21.255144;14.140655
21.257673;14.126306
21.261036;14.112005
21.262032;14.100152
21.261168;14.068019
21.262745;14.056332
21.264313;14.041713
21.267765;14.024434
21.269962;14.009741
21.273998;13.997924
20.263977;13.996558
21.272850;13.980474
21.275610;13.968441
20.000000;14.000000
21.267063;13.951263
21.316677;13.921769
21.276577;13.906449
21.277409;13.891600
21.282038;13.876212
21.282516;13.861256
20.000000;14.000000
20.000000;14.000000
20.255335;13.945919
20.245909;13.944928
20.243057;13.941489
20.244669;13.939660
20.000000;14.000000
20.242630;13.939743
20.000000;14.000000
20.000000;14.000000
20.000000;14.000000
20.256378;13.925439
20.000000;14.000000
20.000000;14.000000
20.243313;13.923688
20.000000;14.000000
20.244144;13.919735
20.241226;13.920464
20.000000;14.000000
20.243780;13.915532
20.000000;14.000000
20.000000;14.000000
20.000000;14.000000
20.000000;14.000000
20.000000;14.000000
20.000000;14.000000
20.000000;14.000000
20.000000;14.000000
20.000000;14.000000
21.339254;13.353806
21.341518;13.333419
21.346226;13.311655
21.348839;13.290627
21.349316;13.270271
21.348698;13.250424
20.000000;14.000000
22.056477;12.805936
22.050327;12.783606
22.054134;12.749176
22.061533;12.711652
22.063412;12.677226
22.078009;12.633600
22.080393;12.597486
22.080437;12.562076
22.089052;12.520318
22.091978;12.481498
22.106470;12.433662
22.104067;12.397213
22.111507;12.352815
22.117258;12.308457
22.117617;12.267547
22.122845;12.222111
22.128647;12.174822
22.127050;12.133304
22.138729;12.078682
22.138569;12.033899
20.000000;14.000000
22.063040;12.013454
22.033445;11.995974
21.990540;11.992595
21.953203;11.984002
21.903067;11.989985
21.876226;11.971714
21.829298;11.976228
21.820261;11.938653
21.830191;11.878301
21.844969;11.810740
21.849808;11.762675
21.854103;11.704199
21.864500;11.635733
21.862803;11.581162
21.878485;11.501367
21.893400;11.420264
21.900614;11.346443
21.898918;11.282770
21.909782;11.199138
21.923677;11.107225
21.933798;11.018166
22.878386;9.468961
22.772369;9.522866
22.716629;9.497000
22.646984;9.495103
22.582567;9.486648
22.517872;9.478834
22.456161;9.467750
22.401556;9.443101
22.333010;9.446922
22.271568;9.437173
22.204123;9.441951
22.138353;9.443847
22.079992;9.432288
22.024845;9.413041
21.965649;9.404760
21.902262;9.406288
21.849287;9.384707
21.790567;9.376621
21.729107;9.376766
21.664261;9.389160
21.607046;9.380553
21.553795;9.362370
21.498358;9.349418
21.444309;9.332349
21.385391;9.333297
21.326513;9.333892
21.263561;9.352714
21.211071;9.332561
21.158525;9.312030
21.102915;9.305826
21.041428;9.324583
20.990623;9.296181
20.928066;9.327271
20.879667;9.285363
20.828812;9.255854
20.770187;9.268272
20.716290;9.252734
20.657766;9.272541
20.606672;9.235469
20.550901;9.232725
20.494883;9.237644
20.440153;9.226249
20.383839;9.238446
20.329746;9.217354
20.275101;9.198875
20.220076;9.191033
20.163525;9.210791
20.108324;9.213225
20.052977;9.195292
19.997206;9.141001
19.941027;9.118356
19.883572;9.084378
19.826874;9.095055
19.769053;9.067404
19.711615;9.066422
19.654387;9.063083
19.596731;9.062441
19.539583;9.063424
19.480154;9.048212
19.422642;9.049554
19.364105;9.047658
19.302595;9.022621
19.244600;9.029069
19.189724;9.051905
19.134802;9.075426
19.078573;9.087671
19.016756;9.074174
18.955744;9.067324
18.896881;9.069905
18.827822;9.032424
18.777735;9.074384
18.711601;9.054057
18.642416;9.023864
18.577923;9.015907
18.517822;9.023013
18.460186;9.040542
18.378325;8.981509
18.310345;8.971273
18.260178;9.012762
18.150032;8.888473
18.081518;8.883877
18.640800;10.522165
18.649590;10.658562
18.629034;10.717820
18.626215;10.814615
18.619446;10.898372
18.608465;10.968082
18.599901;11.040473
18.596169;11.118806
18.585260;11.179976
18.583378;11.256111
18.581448;11.328234
18.570675;11.381734
18.557280;11.428004
18.543518;11.472639
18.536097;11.538398
18.551117;11.626248
18.527393;11.649148
18.528877;11.710975
18.517498;11.750595
18.522301;11.813513
18.513187;11.853675
18.498810;11.885744
18.504000;11.943587
18.502954;11.991548
18.498152;12.032749
18.490215;12.069209
18.488102;12.111687
18.477077;12.142499
18.476248;12.192605
18.469107;12.226300
18.476452;12.267646
18.464487;12.294355
18.452793;12.328044
18.458946;12.372968
18.447985;12.398704
18.446417;12.433854
18.448448;12.471481
18.443068;12.501372
20.000000;14.000000
18.424498;12.617608
18.419956;12.645740
18.423647;12.680057
18.419279;12.707294
18.410763;12.730559
18.409548;12.759535
19.794418;13.840827
18.411293;12.790032
19.790310;13.842919
18.415752;12.827395
18.422611;12.855253
18.361399;12.839375
18.382599;12.882338
18.393064;12.916671
20.000000;14.000000
20.000000;14.000000
18.383570;13.020586
18.386187;13.047380
18.382504;13.065586
18.378572;13.092732
18.376259;13.111367
18.373066;13.138391
20.000000;14.000000
19.792471;13.900846
20.000000;14.000000
19.762157;13.905308
19.767607;13.910586
19.767904;13.915496
19.768072;13.917992
20.000000;14.000000
19.771149;13.924447
20.000000;14.000000
20.000000;14.000000
19.762810;13.927577
19.763704;13.928073
20.000000;14.000000
20.000000;14.000000
20.000000;14.000000
19.765223;13.937325
19.766098;13.937919
20.000000;14.000000
19.762707;13.939035
19.765474;13.940322
20.000000;14.000000
20.000000;14.000000
20.000000;14.000000
20.000000;14.000000
19.753162;13.949250
20.000000;14.000000
18.222349;13.686981
18.221798;13.708110
18.214577;13.728156
18.213524;13.749164
18.211748;13.769861
18.210192;13.790737
18.205896;13.811304
18.205818;13.832315
18.201004;13.852896
18.196426;13.873566
18.197077;13.894612
18.189999;13.914907
18.182144;13.935488
18.190523;13.956448
18.188002;13.997915
18.182096;14.018650
18.179428;14.039454
18.172007;14.060661
18.172817;14.081512
18.175873;14.102416
18.170176;14.123693
18.164728;14.145112
18.163530;14.166487
18.160576;14.187937
19.794241;14.022638
18.143961;14.211057
20.000000;14.000000
18.151266;14.253255
18.169138;14.272301
18.133202;14.295232
18.142635;14.315683
18.142189;14.341845
18.133451;14.365516
18.136765;14.386991
18.132549;14.410332
18.135431;14.427726
18.129810;14.456091
18.123426;14.475989
18.116463;14.500888
18.114592;14.524488
18.139904;14.540384
20.000000;14.000000
18.068853;14.609341
18.101645;14.623097
18.103321;14.647015
18.103350;14.671462
18.088737;14.701690
18.090393;14.726120
18.120275;14.739619
18.170664;14.744414
18.180271;14.765023
18.197344;14.787098
18.183828;14.813401
18.175148;14.842626
18.166904;14.872157
18.165470;14.899084
18.166115;14.925084
18.160902;14.954412
18.166805;14.978508
18.158895;15.010116
18.155058;15.040246
18.151571;15.070423
18.148537;15.100817
18.142653;15.133682
18.145647;15.161345
18.141462;15.193952
18.137068;15.227536
18.136398;15.258964
18.122786;15.294011
18.114927;15.331677
18.116602;15.363244
18.110052;15.401681
18.100822;15.442688
18.109652;15.470582
18.095554;15.517337
18.092989;15.555581
18.096428;15.589596
18.094318;15.628934
20.000000;14.000000
18.069141;15.729234
18.072945;15.766198
18.077345;15.803302
18.056374;15.865464
18.059086;15.950989
18.046108;16.009756
18.024151;16.070524
19.686924;14.337021
18.029591;16.122334
18.033308;16.167822
18.071051;16.166784
17.965504;16.338980
17.991753;16.419024
19.700888;14.383050
19.728716;14.367769
20.000000;14.000000
19.737507;14.367970
19.740044;14.373427
19.743795;14.377220
19.746496;14.382644
19.723391;14.430850
19.731438;14.431206
19.738409;14.433135
19.744484;14.432106
19.751469;14.431551
19.756451;14.434381
19.756695;14.443666
19.756638;14.456141
19.754416;14.470797
20.000000;14.000000
19.755777;14.481617
20.000000;14.000000
19.755146;14.496954
20.000000;14.000000
19.753708;14.511825
20.000000;14.000000
20.000000;14.000000
20.000000;14.000000
20.000000;14.000000
17.139109;20.805088
17.240202;20.781977
17.354300;20.722086
17.393415;20.853024
17.470705;20.887251
17.538422;20.948885
17.661816;20.849930
20.000000;14.000000
20.000000;14.000000
17.880341;20.987577
20.000000;14.000000
18.061249;20.964170
18.148952;20.957991
18.236256;20.950716
18.311878;20.989016
18.402905;20.962164
18.481195;20.988873
18.572157;20.954945
18.648659;20.989567
18.736883;20.958284
18.823877;20.931932
18.904484;20.940067
19.034828;20.927084
19.109396;20.978399
19.181099;21.062683
19.064575;22.968348
19.164307;23.016354
19.270517;22.995470
19.372459;23.026211
19.479006;22.986912
19.581364;23.015285
20.000000;14.000000
19.787844;23.067518
20.000000;14.000000
19.996605;22.854000
