20.000000;14.000000
20.000000;14.000000
20.205814;21.226070
20.287176;21.179258
20.372707;21.219385
20.453968;21.175653
20.530455;21.080156
20.616262;21.116367
20.703663;21.165533
20.785099;21.141977
20.873213;21.176067
20.955076;21.155542
21.046503;21.202370
21.128519;21.184914
21.201960;21.113163
21.217630;20.729733
21.012466;19.186094
21.033110;18.986095
21.056818;18.818468
21.073622;18.637341
21.089733;18.472145
21.083755;18.233482
21.151197;18.289198
21.204662;18.289034
21.259274;18.293123
21.315722;18.300219
21.368856;18.295147
22.553854;21.760588
20.000000;14.000000
20.000000;14.000000
20.214230;14.515238
20.218275;14.511363
20.218243;14.489557
20.217222;14.472455
20.218088;14.457697
20.219074;14.443882
20.225594;14.441728
20.231125;14.442247
20.237659;14.442179
20.244223;14.442018
20.250774;14.441788
20.226982;14.381596
20.236446;14.391078
20.000000;14.000000
20.000000;14.000000
20.235243;14.375380
20.000000;14.000000
20.244413;14.380219
20.000000;14.000000
20.249357;14.378193
20.254852;14.380545
20.000000;14.000000
20.000000;14.000000
20.000000;14.000000
21.389217;15.825517
20.000000;14.000000
21.396090;15.749166
20.299644;14.368563
21.413122;15.728981
21.393776;15.665825
20.000000;14.000000
21.481335;15.689573
21.514860;15.687904
21.549549;15.694259
21.593538;15.702603
21.632551;15.704223
21.673050;15.706752
22.320803;16.323475
21.719915;15.675318
21.729818;15.646291
21.733419;15.611814
21.737787;15.578987
21.738037;15.542789
21.750700;15.511628
21.752687;15.478492
21.759687;15.449794
21.756121;15.419367
21.760475;15.383419
21.770058;15.358033
21.775160;15.329786
21.779165;15.300840
21.770529;15.263270
21.779320;15.238647
21.787893;15.213819
21.773504;15.174227
21.792999;15.157199
21.793606;15.128334
21.799007;15.102575
21.795362;15.071892
21.805082;15.049485
21.807661;15.022883
21.814150;14.998950
21.805433;14.966805
21.812094;14.943487
21.821220;14.921326
21.815630;14.892198
21.821344;14.868922
21.822308;14.843360
21.825583;14.819298
21.830456;14.795896
21.834957;14.772667
21.843796;14.751328
21.836641;14.723481
21.522203;14.571640
21.516510;14.549514
21.524721;14.532398
21.527952;14.513719
21.531809;14.498884
21.532820;14.475910
21.535362;14.457240
21.537720;14.438428
21.534019;14.418194
21.539774;14.400475
21.541367;14.382011
21.555428;14.366398
21.239668;14.271269
21.243685;14.257192
21.241676;14.241792
21.242409;14.227131
21.251860;14.213881
21.251276;14.198995
21.254080;14.187377
21.252565;14.169630
21.252464;14.154842
21.257839;14.143521
21.257418;14.128838
21.259823;14.114332
21.262268;14.097127
20.000000;14.000000
21.265879;14.053310
21.264324;14.041349
21.267715;14.026864
21.269964;14.009497
21.272989;13.994752
20.263977;13.996482
21.269884;13.982832
21.275600;13.968074
20.000000;14.000000
21.267050;13.950899
21.314474;13.918485
21.277752;13.908826
21.277367;13.891110
21.276030;13.876422
21.282768;13.863592
20.000000;14.000000
20.000000;14.000000
20.254148;13.950105
20.244911;13.945052
20.243410;13.942982
20.000000;14.000000
20.242607;13.939651
20.000000;14.000000
20.000000;14.000000
20.243267;13.934234
20.000000;14.000000
20.000000;14.000000
20.255224;13.925056
20.000000;14.000000
20.243277;13.923572
20.000000;14.000000
20.242037;13.922966
20.000000;14.000000
20.244469;13.917545
20.000000;14.000000
20.243214;13.916955
20.000000;14.000000
20.000000;14.000000
20.000000;14.000000
20.000000;14.000000
20.000000;14.000000
20.000000;14.000000
20.000000;14.000000
20.000000;14.000000
21.337795;13.353086
21.340942;13.332261
21.346521;13.310038
21.349043;13.288869
21.349564;13.268631
20.000000;14.000000
21.348925;13.248774
22.059809;12.807695
22.051113;12.781012
22.053053;12.747404
22.060545;12.710072
22.065763;12.673483
22.073620;12.634207
22.076002;12.598129
22.079470;12.560679
22.086287;12.519873
22.090151;12.480682
22.102209;12.434638
22.105375;12.393981
22.104885;12.355707
22.113779;12.308910
22.115847;12.266962
22.116457;12.225387
22.128357;12.172946
22.131235;12.127460
22.130371;12.084343
22.138172;12.031992
20.000000;14.000000
22.064247;12.010384
22.031773;11.995701
21.993097;11.988089
21.957298;11.978224
21.900042;11.991253
21.872734;11.973932
21.826988;11.976836
21.817484;11.940205
21.832191;11.874744
21.846062;11.807738
21.842318;11.760387
21.854479;11.701932
21.865450;11.632661
21.863094;11.578863
21.879330;11.498248
21.891228;11.421151
21.894939;11.352221
21.892982;11.289602
21.908709;11.198405
21.922014;11.107321
21.929935;11.021620
22.888437;9.449283
22.770651;9.521803
22.713354;9.498528
22.644676;9.496067
22.595724;9.459613
22.515165;9.479616
22.452518;9.470325
22.395149;9.451029
22.325796;9.456710
22.272045;9.431826
22.203680;9.438405
22.143398;9.428540
22.084038;9.418748
22.022280;9.414095
21.961136;9.410443
21.897823;9.412027
21.851976;9.372858
21.785547;9.384328
21.729877;9.370649
21.665545;9.380055
21.609985;9.367812
21.550873;9.366666
21.497021;9.348987
21.442232;9.335894
21.382790;9.338783
21.328253;9.326070
21.262144;9.354402
21.210121;9.334380
21.158045;9.313972
21.105431;9.295118
21.042297;9.320679
20.989426;9.304104
20.928514;9.327361
20.881123;9.282583
20.830299;9.250022
20.767395;9.291121
20.716908;9.257884
20.659225;9.268705
20.607536;9.239612
20.552959;9.230950
20.494738;9.256731
20.441431;9.232392
20.385019;9.246568
20.332039;9.217512
20.277515;9.205024
20.222057;9.198132
20.167112;9.186900
20.111078;9.213288
20.056307;9.186329
20.000467;9.125000
19.944359;9.123318
19.887434;9.088289
19.831223;9.111913
19.772837;9.067228
19.716389;9.075159
19.657335;9.043832
19.602442;9.080036
19.544025;9.065021
19.486557;9.063630
19.428535;9.058937
19.367970;9.040107
19.308056;9.026907
19.247009;9.009488
19.192696;9.037234
19.140339;9.076487
19.083387;9.084736
19.023201;9.076970
18.957918;9.049490
18.904726;9.078401
18.842237;9.066014
18.775726;9.039855
18.716513;9.047615
18.660147;9.064639
18.582701;9.007269
18.527346;9.030616
18.456511;9.005040
18.391493;8.999329
18.321701;8.981178
18.262432;8.996095
18.154673;8.878291
18.088877;8.881123
18.020018;8.877331
18.648745;10.641650
18.634838;10.717568
18.626368;10.801486
18.620047;10.886069
18.610498;10.959452
18.601744;11.031863
18.594755;11.103926
18.588341;11.173961
18.580606;11.238416
18.575777;11.306341
18.569715;11.368591
18.558554;11.419270
18.546377;11.466382
18.538782;11.532154
18.554403;11.621903
18.530315;11.643783
18.527021;11.697909
18.521265;11.746921
18.518332;11.798098
18.516376;11.849040
18.500963;11.879316
18.508142;11.940579
18.504810;11.985182
18.499279;12.025605
18.492020;12.062729
18.487726;12.103028
18.479912;12.137595
18.479595;12.188483
18.474514;12.216380
18.474470;12.265393
18.461306;12.290491
18.458992;12.319615
18.460793;12.367096
18.450979;12.394417
18.442295;12.422456
18.449837;12.465805
18.445803;12.497099
20.000000;14.000000
18.426048;12.612815
18.426735;12.645521
18.418781;12.670299
18.421362;12.703177
18.411884;12.725958
18.413074;12.756648
19.793438;13.838829
19.794083;13.841261
18.412260;12.785469
18.417509;12.818329
20.000000;14.000000
18.426645;12.853106
18.372530;12.870531
20.000000;14.000000
18.396904;12.914559
20.000000;14.000000
18.375677;13.006626
18.388016;13.044288
18.380838;13.060479
18.379442;13.089135
18.377758;13.112794
20.000000;14.000000
18.375605;13.135743
19.796690;13.894614
19.755831;13.902273
19.765684;13.915755
20.000000;14.000000
19.768032;13.918103
19.766504;13.919447
20.000000;14.000000
19.766090;13.920657
20.000000;14.000000
19.770470;13.926534
20.000000;14.000000
20.000000;14.000000
19.765448;13.929217
19.763119;13.930024
20.000000;14.000000
19.767237;13.933780
20.000000;14.000000
20.000000;14.000000
19.766905;13.938779
20.000000;14.000000
20.000000;14.000000
19.762388;13.944532
19.763277;13.945123
20.000000;14.000000
20.000000;14.000000
20.000000;14.000000
18.217075;13.682351
18.220415;13.704203
18.221058;13.725477
18.209082;13.744863
18.213184;13.766562
18.211611;13.787252
18.206280;13.807693
18.204168;13.828514
18.202301;13.849358
18.198679;13.870078
18.197315;13.890637
18.192181;13.911187
18.186281;13.931804
18.193615;13.952883
18.180008;13.994416
18.183064;14.015156
18.186357;14.035998
18.172897;14.057300
18.172680;14.078359
18.174700;14.099322
18.169966;14.120534
18.167484;14.141889
18.162266;14.163583
18.161285;14.185015
19.794197;14.022224
20.000000;14.000000
18.145647;14.208164
18.153877;14.250193
18.169739;14.269522
18.128519;14.297627
18.139256;14.313689
18.141764;14.339529
18.133980;14.362998
18.134533;14.381115
18.132160;14.403852
18.135923;14.429871
18.130280;14.449525
18.126848;14.473210
18.117041;14.503055
18.115248;14.526837
18.141361;14.538223
20.000000;14.000000
18.069399;14.607744
18.100277;14.622134
18.103773;14.645237
18.101957;14.670522
18.099466;14.696096
18.091776;14.724129
18.117918;14.739089
18.169237;14.743563
18.188057;14.760320
18.181400;14.788047
18.183283;14.812182
18.176399;14.840564
18.175434;14.866812
18.166664;14.896974
18.168262;14.922680
18.163904;14.951514
18.166243;14.977453
18.159191;15.008575
18.156202;15.038203
18.153553;15.067858
18.148764;15.099240
18.142855;15.132093
18.144133;15.160808
18.140890;15.193061
18.136362;15.226464
18.134966;15.258629
18.122042;15.292931
18.115923;15.329620
18.115948;15.362341
18.110989;15.399584
18.104109;15.445356
18.111458;15.468016
18.097174;15.514556
18.093943;15.553586
18.095819;15.588865
18.093090;15.629035
20.000000;14.000000
18.069389;15.728012
18.072437;15.765644
18.079189;15.800881
18.058182;15.863014
18.057301;15.952034
18.049402;16.005983
18.026222;16.068354
19.686892;14.336991
18.031631;16.120134
18.025372;16.167364
18.079149;16.167290
17.967041;16.337666
17.995409;16.415562
19.701807;14.383766
19.729008;14.369225
20.000000;14.000000
19.736219;14.368279
19.739328;14.372928
19.744465;14.376467
19.744993;14.381644
19.723148;14.429504
19.731604;14.431309
19.736708;14.432104
19.745646;14.432791
19.752670;14.432240
19.755783;14.434008
19.758911;14.444873
19.757906;14.456815
19.753738;14.470443
20.000000;14.000000
20.000000;14.000000
19.756147;14.481805
19.754036;14.497521
20.000000;14.000000
20.000000;14.000000
19.757004;14.508968
20.000000;14.000000
20.000000;14.000000
20.000000;14.000000
17.174639;20.744085
17.245550;20.794941
17.373909;20.698633
17.412127;20.833385
17.478895;20.895578
17.560057;20.919411
17.654961;20.904640
20.000000;14.000000
17.823797;20.929308
17.909433;20.934736
20.000000;14.000000
18.070208;20.981186
18.170975;20.928652
18.241289;20.987057
18.326447;20.987377
18.411827;20.987793
18.494217;20.996803
18.582052;20.981461
18.658148;21.019903
18.761009;20.915894
18.835211;20.962236
18.922504;20.933779
18.985672;20.934206
19.070314;20.909737
19.141640;20.992514
19.021595;22.814867
19.116608;22.899261
19.216675;22.945770
19.321386;22.931255
19.420673;23.006388
19.523981;23.035469
19.627926;23.062365
19.731932;23.105055
20.000000;14.000000
19.942122;23.146816
