20.000000;14.000000
20.000000;14.000000
20.195845;21.216343
20.279930;21.223577
20.363720;21.233862
20.448153;21.249161
20.520325;21.090935
20.606955;21.136234
20.693151;21.171581
20.771414;21.124357
20.861422;21.182528
20.942726;21.157181
21.040339;21.252768
21.117575;21.200790
21.190649;21.125204
21.284521;21.177971
21.006006;19.208740
21.024475;18.995022
21.046228;18.818731
21.064959;18.646521
21.089722;18.515366
21.075731;18.242750
21.138756;18.282171
21.190090;18.276495
21.246468;18.287487
21.301516;18.292002
21.358337;18.300585
21.417711;18.315073
20.000000;14.000000
20.000000;14.000000
20.000000;14.000000
20.219059;14.511027
20.216959;14.493406
20.220613;14.480802
20.216141;14.459725
20.217766;14.442298
20.223743;14.441547
20.229263;14.442088
20.235239;14.443471
20.242739;14.442835
20.247335;14.443722
20.225834;14.384598
20.235922;14.391396
20.235918;14.383201
20.000000;14.000000
20.240875;14.377734
20.000000;14.000000
20.246847;14.377449
20.000000;14.000000
20.252035;14.381219
20.264820;14.390711
20.310078;14.418679
21.378767;15.834674
20.335093;14.443677
21.365423;15.765628
20.322420;14.413063
21.398684;15.766266
20.000000;14.000000
20.295053;14.365846
21.398874;15.685007
20.000000;14.000000
21.469755;15.689065
21.499065;15.683247
21.542368;15.699448
21.581717;15.702688
21.621181;15.705398
21.656197;15.702244
21.694180;15.701341
20.000000;14.000000
21.728703;15.657592
21.732491;15.623070
21.740536;15.586367
21.746872;15.555429
21.749214;15.528588
21.747053;15.491313
21.755793;15.457641
21.757826;15.425208
21.764048;15.396651
21.768133;15.367089
21.775093;15.339859
21.767849;15.302738
21.777971;15.278640
21.786955;15.253907
21.785583;15.222532
21.791216;15.196355
21.791565;15.166763
21.790518;15.136963
21.791683;15.108748
21.799181;15.084964
21.804749;15.059968
21.809879;15.035163
21.806038;15.005342
21.810452;14.980688
21.812767;14.955133
21.814823;14.929482
21.824501;14.908095
21.821407;14.880342
21.813309;14.850834
21.815777;14.826427
21.830652;14.807905
21.837143;14.785435
21.838667;14.761188
21.831520;14.733663
21.845503;14.714533
21.519838;14.560797
21.513941;14.538916
21.526712;14.523587
21.528837;14.504734
21.534590;14.486965
21.537220;14.468404
21.534872;14.448297
21.539928;14.430609
21.541882;14.412089
21.542683;14.393188
21.549047;14.375885
21.238174;14.282534
21.239975;14.265114
21.242411;14.253452
21.246227;14.239330
21.242498;14.220997
21.244959;14.206688
21.245277;14.192047
21.252373;14.178293
21.253349;14.163743
21.255150;14.149313
21.253815;14.134423
21.258265;14.120275
21.261559;14.105959
21.271669;14.092088
21.260334;14.064823
21.265102;14.047689
21.266565;14.033158
21.270864;14.018521
21.271994;14.003902
21.272955;13.989260
21.274746;13.974576
20.263906;13.992990
21.275366;13.959759
20.000000;14.000000
21.251955;13.948839
21.297342;13.916924
21.278135;13.900543
21.279148;13.888487
21.283739;13.873066
21.292133;13.857206
20.247614;13.948075
20.244062;13.941396
20.243052;13.941466
20.245090;13.937233
20.243057;13.937356
20.247671;13.935229
20.000000;14.000000
20.248688;13.931307
20.000000;14.000000
20.000000;14.000000
20.000000;14.000000
20.245005;13.925781
20.243835;13.925369
20.244246;13.923319
20.000000;14.000000
20.000000;14.000000
20.244486;13.917592
20.000000;14.000000
20.242861;13.915930
20.000000;14.000000
20.248405;13.910608
20.000000;14.000000
20.000000;14.000000
20.000000;14.000000
20.000000;14.000000
20.000000;14.000000
20.000000;14.000000
20.000000;14.000000
21.337896;13.364866
21.343079;13.343368
21.346088;13.322435
21.342579;13.304566
21.342432;13.284935
20.000000;14.000000
21.350712;13.260284
20.000000;14.000000
22.057236;12.797306
22.054409;12.767028
22.067213;12.726495
22.063414;12.695850
22.077642;12.653160
22.077000;12.619382
22.089766;12.575669
22.078159;12.548285
22.091408;12.502936
22.103077;12.457685
22.090639;12.429188
22.101753;12.382675
22.106569;12.340034
22.112076;12.295613
22.119310;12.249135
22.125751;12.202269
22.123831;12.161570
22.122568;12.119149
22.137644;12.070005
22.138067;12.024503
22.105707;12.000197
22.056553;12.000997
22.022242;11.997438
21.973572;11.991302
21.934402;11.985320
21.891060;11.984166
21.855581;11.975812
21.808151;11.981413
21.830709;11.907895
21.826014;11.864169
21.847263;11.787866
21.847944;11.744307
21.853737;11.683375
21.859983;11.619475
21.868633;11.550354
21.885126;11.468867
21.893269;11.395401
21.897896;11.324857
21.900312;11.254507
21.918137;11.158884
21.925472;11.076037
21.935724;10.984894
22.805868;9.537877
22.758530;9.499071
22.692802;9.489697
22.634268;9.469137
22.559305;9.479162
22.494627;9.471674
22.429609;9.467072
22.382408;9.428550
22.307529;9.444041
22.243040;9.442021
22.190014;9.416307
22.112719;9.442924
22.060152;9.418920
22.001278;9.408163
21.942095;9.400183
21.875364;9.410362
21.817219;9.401007
21.759909;9.391615
21.703217;9.379953
21.647608;9.367260
21.598291;9.335215
21.526352;9.372217
21.469847;9.363401
21.417572;9.342972
21.359812;9.339320
21.303143;9.334579
21.243261;9.341032
21.187607;9.334789
21.136211;9.311717
21.076143;9.323215
21.024397;9.301373
20.970831;9.284909
20.914045;9.286814
20.858055;9.283415
20.801222;9.288643
20.747919;9.270776
20.691870;9.273369
20.634644;9.286533
20.582239;9.260631
20.528671;9.245301
20.472191;9.252424
20.419992;9.219414
20.363520;9.227825
20.308271;9.228949
20.253485;9.214709
20.198168;9.218104
20.143200;9.214142
20.087818;9.204804
20.032871;9.171112
19.976664;9.132056
19.920256;9.107650
19.863338;9.102906
19.805473;9.065833
19.749063;9.084401
19.690279;9.051683
19.634230;9.073560
19.573215;9.027281
19.519829;9.076359
19.459202;9.045427
19.400442;9.041114
19.341379;9.036507
19.276888;8.992946
19.219933;9.008588
19.166206;9.039588
19.116516;9.092897
19.055220;9.077853
18.989788;9.047992
18.934784;9.068738
18.872534;9.059004
18.811792;9.055772
18.750353;9.053407
18.676115;9.002378
18.624109;9.039271
18.555439;9.015088
18.496840;9.029310
18.422749;8.994624
18.352497;8.974141
18.294950;8.995484
18.226154;8.983377
18.127453;8.893505
18.047171;8.858360
18.653696;10.596610
18.657087;10.717045
18.635834;10.772451
18.624386;10.847019
18.615816;10.925197
18.607054;10.998470
18.598215;11.068959
18.589054;11.135653
18.585133;11.209159
18.585691;11.288711
18.571825;11.337904
18.565920;11.399171
18.552607;11.445563
18.535896;11.496721
18.533474;11.545783
18.526724;11.609536
18.528490;11.673271
18.525545;11.727409
18.512793;11.764505
18.523024;11.834779
18.509466;11.868448
18.507175;11.916626
18.509150;11.969550
18.500916;12.006816
18.496204;12.048105
18.492247;12.089232
18.485445;12.125373
18.472725;12.153856
18.474033;12.198404
18.474369;12.240258
18.470652;12.276772
18.459976;12.311937
18.468016;12.352116
18.455240;12.383395
18.455469;12.420727
18.453524;12.455006
18.443577;12.480733
20.000000;14.000000
18.432316;12.605737
18.424551;12.631231
18.422503;12.661246
18.420166;12.690485
18.416740;12.718337
18.409824;12.742991
18.415140;12.776797
19.790131;13.841494
18.410641;12.802486
19.791487;13.843019
18.425053;12.841741
20.000000;14.000000
18.365841;12.855645
18.393200;12.907552
20.000000;14.000000
20.000000;14.000000
18.386198;13.029778
18.385918;13.059700
18.382078;13.082434
18.380299;13.106096
18.377085;13.128730
18.372406;13.150392
19.795773;13.900904
19.791922;13.902001
19.761047;13.902709
19.767130;13.911836
19.768751;13.913209
19.765106;13.920448
20.000000;14.000000
19.765919;13.924358
19.765709;13.925010
20.000000;14.000000
20.000000;14.000000
19.753910;13.925916
20.000000;14.000000
19.760550;13.931704
20.000000;14.000000
19.766624;13.935970
19.766266;13.937291
20.000000;14.000000
20.000000;14.000000
19.766088;13.941979
19.763941;13.942335
19.750259;13.939348
20.000000;14.000000
19.758793;13.942350
20.000000;14.000000
20.000000;14.000000
20.000000;14.000000
18.213388;13.674620
18.216635;13.696542
18.222124;13.718657
18.213068;13.738259
18.211142;13.759140
18.207476;13.779785
18.205061;13.800423
18.207842;13.821753
18.200914;13.842117
18.191227;13.862391
18.192757;13.883403
18.195530;13.904414
18.193542;13.925312
20.000000;14.000000
18.190805;13.946040
20.000000;14.000000
18.182020;14.008715
18.183241;14.029613
18.175705;14.050735
18.177416;14.071855
18.175367;14.092971
18.169571;14.114392
18.172005;14.135369
18.162739;14.157506
18.159697;14.179116
20.000000;14.000000
18.158895;14.200602
18.148161;14.245184
18.165951;14.264333
18.131567;14.291268
18.139015;14.312262
18.140032;14.329904
18.136871;14.356877
18.134424;14.375550
18.136816;14.401724
18.134779;14.420352
18.133911;14.447516
18.127525;14.467695
18.128313;14.494856
18.119493;14.515944
18.129400;14.536442
18.164694;14.553661
18.060194;14.605127
18.094868;14.618449
18.101223;14.640828
18.102114;14.664945
18.100491;14.690150
18.092648;14.717947
18.109489;14.736756
18.154263;14.743878
18.187868;14.754683
18.173704;14.785357
18.183851;14.806086
18.175060;14.835249
18.164892;14.865575
18.164177;14.891873
18.164810;14.918031
18.161266;14.946405
18.165205;14.971239
18.157272;15.002975
18.159332;15.029479
18.155691;15.059553
18.153360;15.089339
18.151581;15.119494
18.146746;15.151771
18.146627;15.181617
18.136072;15.218731
18.135386;15.250296
18.121874;15.290924
18.126223;15.319932
18.126936;15.351936
18.109924;15.391410
18.115627;15.427457
18.101164;15.501886
18.092146;15.545031
18.097881;15.577271
19.621885;14.317907
18.092674;15.619294
20.000000;14.000000
18.063351;15.722745
18.075331;15.752501
18.078062;15.790889
18.056995;15.853093
20.000000;14.000000
18.053631;15.944132
18.049044;15.994459
18.030275;16.051468
18.026155;16.104082
18.029074;16.150429
18.049423;16.187696
20.000000;14.000000
17.989521;16.408058
19.701283;14.382091
19.720188;14.378875
20.000000;14.000000
19.734318;14.366908
19.738832;14.371359
19.742332;14.373796
19.745256;14.380618
19.721775;14.430999
19.728392;14.431659
19.737890;14.431652
19.742540;14.430950
19.749023;14.431291
19.756939;14.433510
19.758110;14.443299
19.756105;14.454721
19.754877;14.469910
20.000000;14.000000
19.754763;14.481101
20.000000;14.000000
19.753450;14.494997
20.000000;14.000000
19.754190;14.510947
20.000000;14.000000
20.000000;14.000000
20.000000;14.000000
20.000000;14.000000
17.114651;20.828421
17.225960;20.781565
17.324030;20.762819
17.423086;20.738050
17.459896;20.877943
17.554295;20.864321
17.632465;20.896959
20.000000;14.000000
20.000000;14.000000
20.000000;14.000000
20.000000;14.000000
18.041399;20.993929
18.134661;20.968666
18.219658;20.971256
18.294306;21.014597
18.399654;20.927553
18.464273;21.014864
18.553450;20.994993
18.641287;20.973875
18.725027;20.970354
18.815418;20.925421
18.896585;20.929701
18.982990;20.924717
19.065264;20.922174
19.138842;20.982094
19.050751;22.500160
19.106098;22.935398
19.210518;22.937197
19.309944;22.990557
19.413424;22.997900
19.516176;23.019032
19.618567;23.077990
19.722330;23.104767
20.000000;14.000000
19.932533;23.138750
