20.000000;14.000000
20.000000;14.000000
20.205530;21.216074
20.287575;21.189251
20.372015;21.219421
20.454733;21.209673
20.530205;21.104242
20.615938;21.144499
20.705101;21.208597
20.784830;21.171181
20.870167;21.185503
20.954121;21.179882
21.035944;21.163481
21.123695;21.185669
21.195675;21.109152
21.267284;21.038828
21.008448;19.191971
21.030348;18.996878
21.051310;18.817625
21.070755;18.649292
21.093071;18.508383
21.070581;18.203819
21.142086;18.278179
21.197147;18.285946
21.253658;18.296850
21.308540;18.300320
21.361250;18.295467
21.417152;18.299465
20.000000;14.000000
20.000000;14.000000
20.000000;14.000000
20.219500;14.510839
20.217661;14.490910
20.218954;14.481561
20.218132;14.457676
20.216677;14.443945
20.223194;14.441826
20.230619;14.441383
20.237574;14.442225
20.242144;14.443160
20.248695;14.442961
20.225485;14.381321
20.235395;14.391711
20.000000;14.000000
20.233063;14.377913
20.000000;14.000000
20.240904;14.378901
20.000000;14.000000
20.246052;14.379161
20.000000;14.000000
20.254560;14.380740
20.000000;14.000000
20.310995;14.419245
20.333853;14.443359
21.385847;15.833094
21.362322;15.759177
21.391958;15.755007
20.295593;14.369261
21.425295;15.755179
21.402725;15.687009
20.000000;14.000000
21.474831;15.692602
21.504351;15.686574
21.544344;15.699004
21.582178;15.700894
21.620420;15.701981
21.658735;15.702565
21.707323;15.712241
21.717072;15.682522
21.727648;15.654357
21.732849;15.621223
21.737514;15.588194
21.748663;15.554921
21.751139;15.527904
21.748053;15.490140
21.753061;15.453102
21.761112;15.425916
21.763416;15.394227
21.765223;15.362678
21.772797;15.336260
21.772070;15.303752
21.778830;15.277446
21.784519;15.250412
21.784870;15.220034
21.792246;15.194809
21.791733;15.164673
21.794878;15.137558
21.792639;15.107202
21.799364;15.082723
21.804901;15.057732
21.810970;15.033254
21.811373;15.006039
21.809725;14.977828
21.812979;14.952582
21.816782;14.927848
21.823841;14.904932
21.817915;14.876076
21.811651;14.847302
21.821358;14.826229
21.830820;14.805045
21.836355;14.782185
21.835989;14.757194
21.822357;14.726953
21.513126;14.575858
21.517826;14.557576
21.514767;14.536592
21.528461;14.521567
21.531557;14.502866
21.528591;14.486030
21.534082;14.468411
21.529839;14.444122
21.539705;14.427683
21.541662;14.409024
21.540449;14.389789
21.548758;14.372828
21.237350;14.277108
21.239504;14.262529
21.240934;14.250673
21.249630;14.237501
21.243927;14.218668
21.247900;14.207299
21.244692;14.189270
21.254335;14.178695
21.254341;14.163873
21.255476;14.146545
21.258087;14.132075
21.259523;14.117593
20.000000;14.000000
21.260801;14.102974
21.264614;14.059210
21.265116;14.047326
21.269644;14.030072
21.273870;14.018199
21.275999;14.000734
21.271950;13.988781
20.265976;13.996379
21.277676;13.971209
21.276257;13.956423
20.000000;14.000000
21.243698;13.943084
21.285141;13.914241
21.276857;13.897070
21.280825;13.884752
21.282387;13.869598
21.298674;13.852702
20.246758;13.944141
20.243389;13.942888
20.243174;13.941979
20.243818;13.940391
20.245323;13.938149
20.000000;14.000000
20.248463;13.934309
20.000000;14.000000
20.256207;13.928490
20.000000;14.000000
20.244490;13.927547
20.000000;14.000000
20.244125;13.926329
20.000000;14.000000
20.243538;13.921097
20.000000;14.000000
20.244862;13.918718
20.000000;14.000000
20.000000;14.000000
20.000000;14.000000
20.250801;13.908413
20.244087;13.910440
20.000000;14.000000
20.000000;14.000000
20.000000;14.000000
20.000000;14.000000
20.000000;14.000000
20.000000;14.000000
21.338480;13.361441
21.342651;13.340223
21.343895;13.320307
21.343971;13.300737
21.347300;13.279189
20.000000;14.000000
21.350237;13.257343
20.000000;14.000000
22.058258;12.791141
22.056086;12.760116
22.055168;12.727926
22.061377;12.690768
22.074537;12.648383
22.080338;12.609963
22.073282;12.579906
22.082859;12.537562
22.091728;12.494807
22.098272;12.452840
22.104120;12.410521
22.104521;12.371531
22.105082;12.331699
22.104221;12.292268
22.115803;12.241769
22.127426;12.190331
22.122881;12.151325
22.120701;12.109522
22.141335;12.054715
22.155973;11.995276
22.077492;12.014073
22.040018;12.004094
22.007542;11.989762
21.965231;11.985933
21.924677;11.981550
21.887499;11.973992
21.840984;11.977377
21.816069;11.957651
21.828978;11.894444
21.834837;11.837531
21.853680;11.773684
21.853596;11.720520
21.862076;11.655494
21.856201;11.606393
21.880457;11.516635
21.884459;11.450938
21.900400;11.365994
21.898756;11.303423
21.908381;11.222414
21.918339;11.137328
21.924122;11.056016
21.948168;10.942996
22.790880;9.528487
22.723661;9.522305
22.668987;9.495313
22.601492;9.491755
22.531330;9.494383
22.479853;9.463566
22.405899;9.475951
22.360125;9.436135
22.287714;9.447486
22.230803;9.430454
22.159227;9.443741
22.098728;9.436463
22.046087;9.412621
21.985594;9.405716
21.935310;9.376719
21.863594;9.400175
21.802448;9.398419
21.752575;9.369571
21.687519;9.381649
21.633831;9.362384
21.576191;9.356204
21.513212;9.365800
21.455460;9.360961
21.399530;9.351092
21.344013;9.342025
21.285896;9.341207
21.235588;9.312099
21.173288;9.331168
21.119513;9.315927
21.064657;9.305205
21.012852;9.280459
20.951937;9.301462
20.897741;9.288772
20.839689;9.297379
20.787012;9.279152
20.732500;9.268363
20.673317;9.289883
20.623312;9.246694
20.570366;9.224943
20.513542;9.231573
20.457809;9.229918
20.401976;9.235929
20.347336;9.222610
20.290186;9.246850
20.236225;9.228845
20.180786;9.228424
20.125973;9.205655
20.070539;9.191518
20.015312;9.160025
19.958887;9.127173
19.901922;9.105983
19.845215;9.094441
19.787413;9.075586
19.732031;9.101324
19.672640;9.065847
19.614498;9.051994
19.557123;9.056800
19.499378;9.053267
19.439445;9.036553
19.381144;9.033407
19.324451;9.043828
19.263926;9.031225
19.201916;9.009411
19.152374;9.067297
19.095682;9.077375
19.035564;9.072495
18.968771;9.034962
18.914894;9.063862
18.856596;9.069853
18.787384;9.031845
18.734056;9.062714
18.660990;9.016763
18.599752;9.020117
18.538328;9.022163
18.466038;8.991647
18.406090;9.002004
18.340977;8.999000
18.278666;9.004235
18.168119;8.875590
18.109840;8.899999
18.036602;8.883803
18.650167;10.622765
18.652637;10.738336
18.629721;10.788085
18.616333;10.858192
18.612949;10.946247
18.607729;11.026842
18.591864;11.080885
18.590399;11.161763
18.579872;11.221936
18.581049;11.301301
18.571493;11.357390
18.555876;11.413893
18.551968;11.463182
18.545128;11.517969
18.541250;11.587778
18.533934;11.637999
18.529415;11.690450
18.524050;11.740316
18.516512;11.784865
18.518293;11.841651
18.504866;11.875341
18.510933;11.934861
18.506880;11.978673
18.502239;12.020849
18.494272;12.057181
18.488182;12.094998
18.483213;12.133617
18.486786;12.181171
18.475037;12.209359
18.473425;12.249029
18.463579;12.285761
18.461704;12.315778
18.462715;12.362542
18.451599;12.388268
18.446478;12.419738
18.450239;12.459719
18.441801;12.486857
20.000000;14.000000
18.422987;12.604197
18.423544;12.636973
18.420191;12.665524
18.420242;12.696669
18.413017;12.721356
19.795815;13.839040
18.414129;12.752067
19.793873;13.839898
18.412447;12.780295
18.410519;12.807642
20.000000;14.000000
18.425840;12.847427
18.369282;12.862942
20.000000;14.000000
18.395891;12.908931
20.000000;14.000000
18.388317;13.039866
18.381702;13.060981
18.380497;13.085227
18.379633;13.109374
18.376549;13.131847
18.369249;13.152122
19.793781;13.900426
19.797169;13.904946
19.757774;13.905521
19.768572;13.916593
19.766785;13.918641
19.764778;13.918321
20.000000;14.000000
19.766417;13.922834
19.763523;13.922029
20.000000;14.000000
19.763920;13.924038
19.754175;13.921681
20.000000;14.000000
20.000000;14.000000
20.000000;14.000000
19.766815;13.935277
20.000000;14.000000
20.000000;14.000000
19.763536;13.939828
20.000000;14.000000
19.765129;13.941694
19.758255;13.940332
19.766005;13.942316
20.000000;14.000000
19.748566;13.942169
20.000000;14.000000
20.000000;14.000000
18.215044;13.676689
18.210428;13.697250
18.222870;13.720346
18.212818;13.739973
18.209944;13.760550
18.206295;13.781211
18.202902;13.801752
18.204721;13.822833
18.206772;13.844018
18.191135;13.863605
18.192669;13.884789
18.195457;13.905798
18.192495;13.926483
20.000000;14.000000
18.189774;13.947051
20.000000;14.000000
18.182024;14.009412
18.181250;14.030169
18.175714;14.051085
18.177423;14.072029
18.174368;14.093021
18.168573;14.114455
18.169001;14.135416
18.160717;14.157324
18.160641;14.178491
20.000000;14.000000
18.156851;14.200288
18.147509;14.240212
18.157881;14.264415
18.136694;14.285165
18.142723;14.310175
18.139778;14.328477
18.134802;14.351345
18.134066;14.373762
18.136393;14.399758
18.132385;14.418822
18.132420;14.441252
18.129869;14.468824
18.129473;14.487456
18.117838;14.513683
18.128630;14.533751
18.151396;14.554581
18.051571;14.604335
18.092852;14.615468
18.102964;14.636596
18.102858;14.661011
18.099302;14.686872
18.089537;14.715355
18.089573;14.740723
18.149269;14.742181
18.185644;14.751938
18.193369;14.777928
18.190695;14.799313
18.177261;14.830441
18.169737;14.859431
18.168127;14.886267
18.166809;14.913079
18.160526;14.942775
18.164417;14.967606
18.159061;14.997889
18.161055;15.024354
18.157337;15.054382
18.156656;15.083111
18.147940;15.117335
18.145611;15.148044
18.145435;15.177880
18.133251;15.216237
18.135725;15.245410
18.131201;15.279771
18.128859;15.313250
18.123392;15.343579
18.118008;15.380458
18.114027;15.417035
18.101717;15.496132
18.099600;15.533571
18.098095;15.571257
19.623636;14.315329
18.098890;15.608068
18.156073;15.596450
18.061546;15.717702
18.071066;15.749294
18.076660;15.784975
18.061068;15.841416
18.060329;15.885392
18.048155;15.986586
18.037201;16.044254
18.030436;16.090263
19.684330;14.344153
18.037447;16.140469
18.036911;16.181858
20.000000;14.000000
20.000000;14.000000
20.000000;14.000000
19.720802;14.374350
20.000000;14.000000
19.733402;14.366244
19.740381;14.368780
19.741846;14.375889
19.745079;14.376883
19.720577;14.430223
19.727152;14.430876
19.734228;14.430582
19.742210;14.430753
19.749142;14.432516
19.754698;14.432245
19.758240;14.439950
19.756660;14.452749
20.000000;14.000000
19.756229;14.463844
20.000000;14.000000
19.755211;14.479085
20.000000;14.000000
19.752831;14.492452
20.000000;14.000000
19.754568;14.503352
20.000000;14.000000
20.000000;14.000000
20.000000;14.000000
17.114372;20.767466
17.188604;20.809460
17.296806;20.767061
17.399336;20.734278
17.428751;20.893049
17.523464;20.879835
17.610975;20.884253
20.000000;14.000000
20.000000;14.000000
17.808355;21.097315
20.000000;14.000000
18.017271;20.987127
18.110620;20.962187
18.199118;20.951517
18.279211;20.971775
18.356335;21.004740
18.441158;21.004641
18.541210;20.930126
18.609158;21.006283
18.684717;21.049345
18.782942;20.966488
18.869118;20.943510
18.949671;20.952106
18.988438;20.961893
19.073368;20.942432
19.147860;20.997303
19.019567;22.903179
19.128531;22.848186
19.224669;22.923380
19.324001;22.976582
19.425409;23.013704
19.527531;23.050676
19.630751;23.078493
19.735453;23.074144
20.000000;14.000000
19.944298;23.077829
