20.000000;14.000000
20.000000;14.000000
20.197153;21.163288
20.281424;21.208509
20.365093;21.219774
20.448689;21.224079
20.523026;21.099760
20.609938;21.155050
20.691730;21.142582
20.777956;21.171930
20.858149;21.143641
20.946548;21.180883
21.038902;21.237820
21.113049;21.167088
21.181913;21.072929
21.285402;21.182894
21.009989;19.229359
21.025480;18.999920
21.047712;18.825571
21.065851;18.650419
21.088783;18.511478
21.083351;18.272799
21.139372;18.286146
21.191555;18.283354
21.248714;18.298288
21.305622;18.308521
21.359619;18.307520
21.424372;18.338148
20.000000;14.000000
20.000000;14.000000
20.000000;14.000000
20.218519;14.510171
20.218309;14.493904
20.220892;14.481774
20.217991;14.458851
20.215729;14.443295
20.223618;14.441611
20.230068;14.441670
20.235069;14.443562
20.242071;14.444340
20.248142;14.443271
20.221130;14.376922
20.234394;14.391147
20.237951;14.383120
20.000000;14.000000
20.237694;14.378564
20.000000;14.000000
20.244492;14.377789
20.000000;14.000000
20.253531;14.380225
20.264931;14.389426
20.310760;14.418174
20.333900;14.444574
21.381153;15.831626
21.364408;15.766414
20.321310;14.413927
21.394556;15.770800
20.293446;14.365856
21.394154;15.721209
21.396152;15.683369
20.000000;14.000000
21.467470;15.688401
21.499588;15.685459
21.544464;15.696193
21.581417;15.704331
21.618298;15.703999
21.655914;15.703914
21.693905;15.703024
20.000000;14.000000
21.728470;15.659279
21.733671;15.618878
21.738884;15.586694
21.746723;15.557099
21.746975;15.528110
21.751005;15.489759
21.756632;15.459761
21.756229;15.425590
21.764029;15.398287
21.766685;15.367325
21.774323;15.340879
21.772053;15.307147
21.775612;15.278493
21.786232;15.254935
21.786530;15.224690
21.788979;15.196102
21.803572;15.175815
21.793348;15.139966
21.793701;15.111187
21.799517;15.086343
21.804241;15.060833
21.808516;15.035533
21.806429;15.006696
21.807343;14.980126
21.810631;14.954896
21.813488;14.929895
21.824154;14.908795
21.820086;14.880779
21.812983;14.851529
21.815380;14.827297
21.829428;14.808203
21.837761;14.786533
21.838375;14.761892
21.833782;14.730695
21.844297;14.714879
21.516808;14.560340
21.513786;14.539351
21.526512;14.524173
21.528522;14.508860
21.534403;14.487554
21.537086;14.468846
21.529902;14.447482
21.539804;14.431052
21.541763;14.412533
21.542568;14.393631
21.549910;14.376567
21.238119;14.282771
21.239336;14.268085
21.242363;14.253691
21.247688;14.237008
21.241966;14.223974
21.244480;14.209552
21.244833;14.194912
21.252949;14.181317
21.254326;14.163993
21.255136;14.149434
21.253801;14.134543
21.259249;14.120491
20.000000;14.000000
21.260561;14.105875
21.263470;14.062192
21.265106;14.047568
21.267492;14.035858
21.269823;14.021185
21.270994;14.003778
21.269955;13.989163
21.274796;13.977142
20.263891;13.992408
21.275362;13.959636
20.000000;14.000000
21.252945;13.948558
21.297140;13.913815
21.278116;13.900298
21.277882;13.885510
21.282721;13.872918
21.291100;13.856945
20.246778;13.944236
20.243715;13.939969
20.242519;13.939301
20.243259;13.938148
20.246696;13.935458
20.000000;14.000000
20.000000;14.000000
20.243502;13.931331
20.247915;13.928570
20.000000;14.000000
20.245323;13.926839
20.000000;14.000000
20.000000;14.000000
20.242321;13.920591
20.000000;14.000000
20.242870;13.919068
20.000000;14.000000
20.249376;13.913353
20.242315;13.914371
20.000000;14.000000
20.243019;13.913362
20.000000;14.000000
20.000000;14.000000
20.000000;14.000000
20.000000;14.000000
20.000000;14.000000
20.000000;14.000000
20.000000;14.000000
21.336981;13.362943
21.343519;13.344269
21.348396;13.322571
21.343178;13.305725
21.346512;13.284087
21.350471;13.261930
20.000000;14.000000
20.000000;14.000000
22.057293;12.799388
22.057928;12.767062
22.062225;12.731748
22.063568;12.697968
22.078674;12.654754
22.076260;12.621882
22.084244;12.581773
22.081734;12.548163
22.086718;12.508411
22.099270;12.462642
22.094244;12.428991
22.094908;12.390179
22.109255;12.340212
22.119448;12.292011
22.116627;12.253740
22.130013;12.201115
22.124887;12.162791
22.135473;12.118651
22.136164;12.065386
21.741758;12.385408
22.103230;12.004849
22.062916;11.997501
22.022522;11.990621
21.979635;11.987447
21.934868;11.987154
21.893589;11.983796
21.857420;11.976143
21.813124;11.977813
21.827959;11.913462
21.833696;11.866804
21.851267;11.795130
21.843634;11.742072
21.853596;11.685824
21.857430;11.625093
21.862526;11.560787
21.887293;11.467987
21.892502;11.398553
21.898922;11.325584
21.905922;11.248660
21.913628;11.167906
21.926313;11.076591
21.942535;10.976196
22.811413;9.531914
22.747799;9.519471
22.699741;9.481030
22.625010;9.488047
22.570028;9.462250
22.495495;9.472153
22.432842;9.463131
22.379124;9.436987
22.312471;9.436456
22.237293;9.454797
22.190454;9.416517
22.115698;9.438793
22.053207;9.435533
21.996122;9.421188
21.937428;9.411238
21.881416;9.395552
21.824276;9.384441
21.757410;9.398154
21.702526;9.381830
21.647608;9.367260
21.596672;9.339945
21.529171;9.363669
21.469847;9.363401
21.418446;9.340101
21.359251;9.341240
21.302067;9.338431
21.248934;9.319776
21.188099;9.332851
21.132208;9.328238
21.076591;9.321266
21.023972;9.303328
20.972040;9.279032
20.913094;9.291722
20.860382;9.270625
20.802731;9.279771
20.747295;9.274727
20.692160;9.271390
20.636377;9.273650
20.584068;9.245743
20.529554;9.237350
20.471994;9.254415
20.418678;9.234356
20.362228;9.244777
20.307884;9.234937
20.253592;9.212712
20.198168;9.218104
20.143320;9.210144
20.087948;9.197805
20.032782;9.184112
19.976650;9.129056
19.920076;9.096651
19.863396;9.104906
19.805119;9.056840
19.748043;9.064427
19.690842;9.060666
19.633667;9.059564
19.575012;9.048203
19.520981;9.083280
19.455404;9.010633
19.400078;9.034106
19.341854;9.036444
19.280081;9.011682
19.221182;9.013453
19.165026;9.029646
19.119049;9.101586
19.054373;9.070888
18.991137;9.049758
18.933781;9.061794
18.871925;9.051963
18.811098;9.050797
18.749100;9.044440
18.676594;9.002251
18.620520;9.022625
18.559175;9.024417
18.485355;8.987861
18.420885;8.983679
18.351593;8.968123
18.303158;9.014874
18.233446;9.000951
18.122385;8.875127
18.054190;8.873879
18.660599;10.612162
18.656897;10.713881
18.638708;10.776666
18.624990;10.846756
18.615995;10.924019
18.609024;11.001966
18.594614;11.060705
18.590820;11.139242
18.585318;11.210187
18.583118;11.284413
18.574408;11.343328
18.565420;11.399446
18.549458;11.454253
18.539694;11.492190
18.529936;11.553732
18.525282;11.609250
18.526527;11.672146
18.524675;11.727976
18.512274;11.766050
18.523113;11.837139
18.508446;11.869164
18.512390;11.926423
18.502058;11.962351
18.498978;12.007024
18.496117;12.050698
18.489540;12.088820
18.484457;12.127459
18.477514;12.162874
18.474421;12.202009
18.473995;12.243232
18.465874;12.282366
18.459547;12.315039
18.463335;12.357848
18.453381;12.385173
18.448204;12.416643
18.451187;12.455932
18.441404;12.481528
20.000000;14.000000
18.430365;12.606426
18.421236;12.630474
18.419950;12.661163
18.418518;12.690907
18.415104;12.718772
19.795185;13.838224
18.408316;12.743287
18.413645;12.777099
19.790344;13.841212
18.409269;12.802647
18.424498;12.842495
20.000000;14.000000
18.368679;12.858565
18.395298;12.904472
20.000000;14.000000
20.000000;14.000000
18.389977;13.037086
18.387905;13.056297
18.382078;13.082434
18.375130;13.103041
18.377169;13.128574
18.371683;13.149616
19.794844;13.900526
19.791904;13.902041
19.760345;13.901780
19.768326;13.908740
19.769152;13.912146
19.768724;13.916171
19.763998;13.920603
20.000000;14.000000
19.762756;13.924391
20.000000;14.000000
19.753448;13.923995
19.764757;13.928048
20.000000;14.000000
19.767776;13.931908
20.000000;14.000000
19.768110;13.934365
20.000000;14.000000
20.000000;14.000000
19.764009;13.937994
19.765722;13.939355
20.000000;14.000000
19.759163;13.940825
20.000000;14.000000
19.748884;13.940796
20.000000;14.000000
20.000000;14.000000
20.000000;14.000000
18.214092;13.676340
18.210457;13.697079
18.223856;13.720502
18.210814;13.739857
18.208906;13.760761
18.207245;13.781676
18.204832;13.802487
18.203640;13.823596
18.200720;13.844360
18.189062;13.864497
18.194599;13.885955
18.196402;13.906888
18.196449;13.927684
20.000000;14.000000
18.190739;13.948295
20.000000;14.000000
18.182032;14.010806
18.182278;14.031721
18.173765;14.052892
18.175495;14.073857
18.172470;14.095051
18.168695;14.116386
18.172150;14.137298
18.160898;14.159440
18.160864;14.180783
20.000000;14.000000
18.157101;14.202585
18.147381;14.246914
18.171127;14.265198
18.126879;14.293655
18.139256;14.313689
18.142988;14.335075
18.134199;14.358872
18.135513;14.380915
18.131351;14.400090
18.135021;14.425938
18.128378;14.450171
18.126869;14.469194
18.116917;14.494780
18.115984;14.518268
18.136662;14.539971
20.000000;14.000000
18.068178;14.603856
18.096174;14.619236
18.100645;14.642241
18.103504;14.665887
18.100082;14.691949
18.091326;14.720116
18.113781;14.736751
18.162323;14.742475
18.184830;14.757788
18.165276;14.791068
18.181885;14.809046
18.174124;14.838008
18.163094;14.868792
18.164307;14.894423
18.165867;14.920141
18.162357;14.948520
18.163769;14.974933
18.156769;15.006230
18.160618;15.031773
18.154516;15.063526
18.151487;15.094030
18.154047;15.121632
18.145859;15.156021
18.146759;15.185535
18.138062;15.221767
18.137306;15.253155
18.123158;15.294551
18.121971;15.327782
18.126163;15.357693
18.110853;15.396040
18.111092;15.429751
18.100916;15.508013
18.101320;15.543639
18.098452;15.582653
19.614059;14.325690
18.092583;15.625360
20.000000;14.000000
18.067818;15.724753
18.073929;15.759868
18.081156;15.794203
18.058750;15.857827
18.052565;15.951549
18.052296;15.997636
18.032930;16.055397
18.026171;16.110949
19.688541;14.335794
18.029676;16.156403
18.052618;16.181166
20.000000;14.000000
17.992985;16.410946
19.703522;14.383831
19.727848;14.369614
20.000000;14.000000
19.737825;14.368196
19.738756;14.372528
19.743059;14.375508
19.745213;14.381791
19.722855;14.430505
19.730371;14.431719
19.738388;14.431953
19.743988;14.431812
19.750973;14.431265
19.756481;14.433253
19.756666;14.442509
19.755152;14.455344
19.756235;14.466106
20.000000;14.000000
19.755270;14.481359
20.000000;14.000000
19.751987;14.496503
20.000000;14.000000
19.752041;14.511019
20.000000;14.000000
20.000000;14.000000
20.000000;14.000000
20.000000;14.000000
17.138411;20.788519
17.228035;20.793215
17.328032;20.769775
17.393974;20.831835
17.469288;20.870749
17.545153;20.908831
17.632896;20.912964
20.000000;14.000000
20.000000;14.000000
20.000000;14.000000
20.000000;14.000000
18.051474;20.975981
18.151718;20.923540
18.223103;20.977295
18.310324;20.969091
18.391735;20.983196
18.473034;20.997330
18.563330;20.967422
18.644344;20.979563
18.737288;20.925833
18.820074;20.922157
18.900572;20.930336
18.988302;20.925493
19.067379;20.941631
19.147301;20.951900
19.042885;22.623045
19.111403;22.942963
19.213036;22.967535
19.315117;22.990952
19.418083;23.006220
19.522160;23.004330
19.621964;23.101152
19.726934;23.096903
20.000000;14.000000
19.935654;23.193775
