20.025530;22.875963
20.000000;14.000000
20.000000;14.000000
20.270927;21.223921
20.354017;21.220325
20.438057;21.220724
20.514544;21.124443
20.598812;21.145954
20.683949;21.162418
20.771950;21.206774
20.852568;21.178549
20.942129;21.216764
21.020866;21.175747
21.103279;21.158480
21.190472;21.174908
21.276262;21.179443
21.006987;19.246231
21.028601;19.042152
21.048958;18.855997
21.065172;18.670065
21.087263;18.524187
21.102268;18.364975
21.135775;18.289171
21.186380;18.280638
21.243191;18.291561
21.296242;18.289419
21.353012;18.298069
21.414196;18.318331
20.000000;14.000000
20.000000;14.000000
20.000000;14.000000
20.218618;14.511216
20.218025;14.494029
20.220615;14.481901
20.219057;14.461666
20.215515;14.443398
20.222921;14.443082
20.228924;14.442265
20.234430;14.442767
20.243376;14.442486
20.248016;14.443342
20.222683;14.376007
20.236004;14.390177
20.237556;14.384540
20.000000;14.000000
20.239288;14.377558
20.000000;14.000000
20.245796;14.378134
20.000000;14.000000
20.252655;14.380807
20.263769;14.391419
20.308954;14.419510
21.380901;15.830563
20.334879;14.443837
21.367804;15.770108
20.322262;14.413186
21.398796;15.767452
20.000000;14.000000
20.292854;14.365048
21.395836;15.682331
20.000000;14.000000
21.469269;15.689488
21.497414;15.682040
21.543386;15.701225
21.582071;15.703725
21.619640;15.704103
21.657429;15.703836
21.697544;15.705047
20.000000;14.000000
21.732311;15.661053
21.734447;15.618048
21.740536;15.586367
21.748365;15.556759
21.750462;15.522591
21.753529;15.489880
21.752087;15.460532
21.758099;15.424871
21.764965;15.397103
21.769186;15.367362
21.777744;15.341326
21.774666;15.306973
21.775091;15.275793
21.788013;15.254139
21.785818;15.222190
21.791559;15.195840
21.798494;15.170785
21.793270;15.138227
21.791895;15.108404
21.800245;15.085135
21.804850;15.059794
21.809978;15.034989
21.807009;15.005656
21.803511;14.976705
21.810204;14.953562
21.813934;14.929026
21.823694;14.907475
21.819607;14.879472
21.811499;14.849984
21.815697;14.826601
21.829739;14.807502
21.837988;14.786004
21.838593;14.761364
21.830593;14.733291
21.845434;14.714710
21.517908;14.560250
21.513889;14.539061
21.525667;14.523556
21.528740;14.505028
21.533543;14.486957
21.537130;14.468699
21.534742;14.448738
21.539804;14.431052
21.541801;14.412385
21.547413;14.394868
21.549910;14.376567
21.241640;14.280821
21.239336;14.268085
21.243876;14.251267
21.248671;14.237194
21.242950;14.224153
21.243954;14.206644
21.244272;14.192014
21.252356;14.178413
21.253960;14.166759
21.254818;14.152081
21.257479;14.137743
21.259987;14.123244
21.260561;14.105875
21.271669;14.092088
21.260473;14.062044
21.265106;14.047568
21.266569;14.033036
21.270864;14.018521
21.270983;14.006580
21.269955;13.989163
21.273743;13.974352
20.263922;13.993571
21.275362;13.959636
20.000000;14.000000
21.251829;13.945838
21.297327;13.916676
21.277121;13.900375
21.279116;13.888120
21.283716;13.872819
21.292093;13.856835
20.247604;13.948028
20.245386;13.947215
20.243782;13.944593
20.000000;14.000000
20.243454;13.938919
20.245216;13.937726
20.000000;14.000000
20.000000;14.000000
20.245684;13.931705
20.248383;13.930211
20.000000;14.000000
20.000000;14.000000
20.000000;14.000000
20.244017;13.922593
20.000000;14.000000
20.243959;13.919173
20.000000;14.000000
20.244675;13.918155
20.241806;13.919037
20.242527;13.918045
20.000000;14.000000
20.000000;14.000000
20.000000;14.000000
20.000000;14.000000
20.000000;14.000000
20.000000;14.000000
20.000000;14.000000
20.000000;14.000000
21.338505;13.366149
21.339212;13.346847
21.344057;13.325073
21.343311;13.305983
21.341419;13.287290
20.000000;14.000000
21.348928;13.263277
20.000000;14.000000
22.062073;12.797658
22.047245;12.774529
22.060278;12.734306
22.063345;12.699490
22.079319;12.655750
22.083721;12.618656
22.080788;12.585583
22.081608;12.549733
22.080250;12.514841
22.090467;12.470934
22.095146;12.430196
22.102335;12.386715
22.108009;12.343481
22.116861;12.296771
22.119511;12.254092
22.125277;12.207906
22.127230;12.163972
22.125271;12.122204
22.136904;12.067696
21.704250;12.422910
22.112938;11.999102
22.065361;11.998587
22.025158;11.991857
21.986479;11.984360
21.940960;11.984689
21.890230;11.991620
21.859554;11.978103
21.813444;11.982132
21.822439;11.924582
21.836655;11.858799
21.854013;11.797439
21.846754;11.753678
21.850843;11.695154
21.861004;11.626623
21.860327;11.570435
21.885544;11.477912
21.893883;11.404509
21.898125;11.334834
21.902721;11.262261
21.913481;11.177466
21.928316;11.083905
21.937996;10.994680
22.833004;9.514790
22.766537;9.506337
22.705992;9.488268
22.643818;9.474704
22.566362;9.488915
22.504173;9.476946
22.439165;9.472206
22.390627;9.437358
22.329369;9.425972
22.255302;9.442497
22.204447;9.412134
22.121510;9.451422
22.075634;9.412739
22.014648;9.406369
21.946415;9.419390
21.887501;9.412096
21.834152;9.390510
21.776693;9.380913
21.717863;9.375777
21.652634;9.388167
21.605345;9.352446
21.541986;9.363701
21.485359;9.354697
21.430643;9.341740
21.375544;9.330385
21.317211;9.329180
21.257660;9.335576
21.200228;9.333891
21.148609;9.311649
21.092100;9.309459
21.035675;9.305895
20.983032;9.287437
20.923349;9.303914
20.869173;9.291553
20.814606;9.283835
20.759977;9.276750
20.704102;9.275175
20.650650;9.260452
20.597078;9.245343
20.544029;9.219858
20.488594;9.217896
20.432545;9.218525
20.375307;9.241778
20.319935;9.246755
20.266108;9.219400
20.212017;9.195676
20.156536;9.199552
20.101194;9.181063
20.045607;9.195216
19.990217;9.141010
19.933661;9.127452
19.876503;9.084551
19.819448;9.072307
19.761621;9.060749
19.704277;9.054834
19.648899;9.079511
19.590578;9.062947
19.532015;9.054091
19.473032;9.039914
19.416471;9.050278
19.353655;9.011700
19.295132;9.014583
19.239185;9.031919
19.175245;8.999559
19.129608;9.076341
19.070881;9.077926
19.009199;9.063449
18.952057;9.073217
18.893877;9.080828
18.825827;9.045226
18.770111;9.063914
18.709105;9.061943
18.640287;9.034813
18.574448;9.020020
18.507231;9.003215
18.441521;8.993984
18.374920;8.985765
18.306488;8.972571
18.251402;8.999939
18.153080;8.907577
18.078650;8.888158
18.641020;10.529596
18.649225;10.664104
18.624830;10.713075
18.622795;10.811734
18.619698;10.903733
18.607557;10.970700
18.600195;11.044760
18.596102;11.122175
18.583281;11.178731
18.583048;11.257407
18.577139;11.322597
18.570400;11.383023
18.558008;11.431036
18.538467;11.477868
18.535625;11.538679
18.550140;11.625672
18.528231;11.650984
18.525953;11.706910
18.517282;11.750737
18.514462;11.801914
18.513758;11.854497
18.499014;11.885600
18.504000;11.943587
18.501953;11.989800
18.498341;12.032605
18.489969;12.068132
18.487841;12.110616
18.476978;12.141287
18.479300;12.187426
18.469616;12.225860
18.477610;12.267960
18.465141;12.293766
18.453436;12.327451
18.461102;12.373682
18.450687;12.400263
18.453503;12.439502
18.449034;12.470886
18.443787;12.500626
20.000000;14.000000
18.426531;12.618324
18.425919;12.649540
18.424921;12.680095
18.419899;12.706537
18.411249;12.729950
18.409355;12.758158
19.793795;13.841637
18.412668;12.789878
19.791414;13.841456
18.416203;12.826788
18.424778;12.855673
18.363476;12.839903
18.387247;12.884407
20.000000;14.000000
18.392651;12.915496
20.000000;14.000000
18.381474;13.018255
18.385691;13.046253
18.378292;13.066883
18.378920;13.092111
18.375607;13.114649
20.000000;14.000000
18.373480;13.137611
19.792509;13.900766
19.756834;13.907964
19.766304;13.914050
19.768286;13.917392
19.767216;13.917413
20.000000;14.000000
20.000000;14.000000
19.763811;13.924377
19.764540;13.925382
20.000000;14.000000
19.766623;13.928790
20.000000;14.000000
19.767731;13.932064
19.769638;13.932670
20.000000;14.000000
20.000000;14.000000
19.766680;13.935769
19.765259;13.937189
20.000000;14.000000
20.000000;14.000000
19.762474;13.939946
19.755383;13.939449
20.000000;14.000000
20.000000;14.000000
20.000000;14.000000
20.000000;14.000000
18.216681;13.684573
18.222050;13.706576
18.213823;13.726464
18.211761;13.747343
18.212938;13.768446
18.210373;13.789193
18.205065;13.809651
18.205965;13.830768
18.200150;13.851089
18.197546;13.871907
18.197189;13.892712
18.191090;13.913046
18.182213;13.933571
18.190567;13.954713
18.189005;13.996181
18.181078;14.016916
18.186392;14.037737
18.173954;14.059019
18.173746;14.079892
18.173788;14.100952
18.171080;14.122222
18.165613;14.143626
18.162409;14.165168
18.160450;14.186702
19.794218;14.022422
20.000000;14.000000
18.143820;14.209810
18.152111;14.252056
18.168957;14.271071
18.130722;14.298747
18.143124;14.318532
18.141008;14.340957
18.130514;14.360883
18.134789;14.382367
18.130400;14.409865
18.135267;14.427011
18.126692;14.451717
18.117514;14.481140
18.116270;14.500165
18.114441;14.523946
20.000000;14.000000
18.139750;14.539849
18.070702;14.608554
18.102535;14.622603
18.103260;14.646832
18.105234;14.670794
18.090548;14.700818
18.090393;14.726120
18.122208;14.739067
18.174440;14.743082
18.179422;14.765585
18.196579;14.787844
18.183071;14.814158
18.169863;14.845492
18.168058;14.872254
18.165730;14.899611
18.165489;14.926063
18.159494;14.956039
18.165417;14.980153
18.159380;15.010998
18.155457;15.040954
18.145163;15.075321
18.148310;15.102393
18.143196;15.134572
18.147163;15.161880
18.141424;15.195740
18.137058;15.229337
18.136415;15.260774
18.122831;15.295838
18.116766;15.332545
18.116159;15.366043
20.000000;14.000000
18.113426;15.407889
18.106331;15.476082
18.098427;15.517733
18.095106;15.556593
18.098721;15.590778
18.095121;15.631411
20.000000;14.000000
18.072123;15.729564
18.073902;15.768722
18.077618;15.806514
18.057444;15.868019
18.056025;15.957816
18.048733;16.010910
18.027716;16.071157
19.685854;14.337393
18.026468;16.120798
18.032833;16.163338
18.082554;16.167633
17.961418;16.348677
17.993666;16.421911
19.702751;14.383233
20.000000;14.000000
20.000000;14.000000
19.730730;14.369246
19.737896;14.368246
19.740438;14.373701
19.742548;14.379998
19.723478;14.429717
19.730984;14.430923
19.737000;14.432281
19.745935;14.432961
19.751965;14.431836
19.756462;14.435534
19.757708;14.445357
19.757702;14.457838
20.000000;14.000000
19.756042;14.471642
20.000000;14.000000
19.755476;14.483706
19.752947;14.500329
20.000000;14.000000
19.756557;14.507647
20.000000;14.000000
20.000000;14.000000
20.000000;14.000000
20.000000;14.000000
17.166294;20.773113
17.248158;20.795998
17.372833;20.708950
17.405903;20.857761
17.476395;20.910635
17.572676;20.892050
17.666924;20.878077
20.000000;14.000000
17.835133;20.902472
20.000000;14.000000
17.983704;20.987925
18.072886;20.981924
18.159456;20.980427
18.244516;20.982714
18.331219;20.979265
18.408524;21.011656
18.508205;20.941509
18.584061;20.981869
18.660917;21.016359
18.762335;20.916130
18.839520;20.948763
18.921072;20.951773
18.977070;20.900593
19.052189;20.948656
19.136152;20.927347
19.154018;21.484339
19.097986;22.904430
19.195843;22.966009
19.300758;22.952734
19.401215;23.012129
19.505758;23.003445
19.609371;23.008535
19.709269;23.158386
19.811617;23.311094
19.921274;23.123661
