20.055645;21.346788
20.000000;14.000000
20.221134;21.205608
20.303694;21.178579
20.387335;21.194580
20.471357;21.198584
20.546846;21.097965
20.633303;21.137960
20.718275;21.159058
20.802389;21.160181
20.887045;21.169333
20.974047;21.187298
21.062313;21.209150
21.140625;21.167812
21.225384;21.163956
21.011915;19.464090
21.015917;19.153826
21.033045;18.938101
21.053089;18.757851
21.078203;18.618822
21.094011;18.452568
21.106451;18.289600
21.159008;18.287094
21.209070;18.276363
21.260862;18.269722
21.323139;18.297943
21.384510;18.318491
21.431572;18.294687
20.000000;14.000000
20.000000;14.000000
20.220854;14.525475
20.219046;14.507768
20.217602;14.488749
20.218191;14.469805
20.217970;14.455537
20.219311;14.442650
20.226315;14.441360
20.231844;14.441870
20.238337;14.441813
20.244892;14.443933
20.251945;14.442271
20.229790;14.386907
20.235666;14.390381
20.000000;14.000000
20.234655;14.376925
20.000000;14.000000
20.244959;14.379867
20.000000;14.000000
20.247978;14.380293
20.000000;14.000000
20.256796;14.380443
20.000000;14.000000
20.000000;14.000000
20.000000;14.000000
20.000000;14.000000
21.386904;15.815964
21.426975;15.824170
21.392395;15.738034
21.397877;15.703983
21.382175;15.645537
21.481367;15.722652
21.482988;15.692114
21.528135;15.696140
21.558369;15.697028
21.605513;15.700956
21.640303;15.705099
20.000000;14.000000
20.000000;14.000000
21.720894;15.668571
21.728519;15.637492
21.737123;15.607821
21.738939;15.565788
21.741219;15.531640
21.745975;15.500258
21.755602;15.473475
21.759428;15.442233
21.758085;15.407352
21.764051;15.378857
21.770388;15.351021
21.768299;15.317249
21.781843;15.295472
21.777176;15.260827
21.784283;15.235004
21.789371;15.208068
21.774868;15.168532
21.790829;15.149485
21.797260;15.124390
21.793211;15.092883
21.795450;15.065882
21.808559;15.045483
21.814465;15.021000
21.810398;14.991238
21.807653;14.962648
21.816923;14.940695
21.820566;14.915958
21.814898;14.886875
21.815125;14.861047
21.822266;14.838678
21.828220;14.815853
21.832054;14.792209
21.835587;14.768585
21.839745;14.745362
21.840887;14.720876
21.516739;14.566272
21.512857;14.544911
21.524744;14.529292
21.529833;14.511251
21.532715;14.496093
21.536505;14.474149
21.540028;14.455578
21.537512;14.435501
21.534739;14.415545
21.541391;14.398214
21.544937;14.380068
21.239851;14.284167
21.239157;14.268917
21.242191;14.254524
21.245510;14.243033
21.244810;14.225104
21.247856;14.213567
21.249680;14.196284
21.250883;14.181630
21.251913;14.166975
21.252773;14.152321
21.253157;14.140432
21.257961;14.123411
20.000000;14.000000
21.260061;14.111675
21.261326;14.064996
21.265879;14.053310
21.266493;14.035830
21.268824;14.021169
21.271967;14.009268
21.268972;13.991727
20.263983;13.997064
21.271839;13.979757
21.272438;13.962171
20.000000;14.000000
21.260927;13.947988
21.305470;13.918666
21.277512;13.905519
21.277325;13.890620
21.280668;13.872501
21.287367;13.859607
20.249109;13.950399
20.245356;13.947074
20.242876;13.940744
20.000000;14.000000
20.244205;13.937809
20.242172;13.937931
20.000000;14.000000
20.000000;14.000000
20.247814;13.931906
20.242743;13.932323
20.000000;14.000000
20.247164;13.929581
20.000000;14.000000
20.000000;14.000000
20.000000;14.000000
20.242435;13.920940
20.000000;14.000000
20.242449;13.917812
20.242796;13.915743
20.000000;14.000000
20.000000;14.000000
20.241610;13.912399
20.000000;14.000000
20.000000;14.000000
20.000000;14.000000
20.000000;14.000000
20.000000;14.000000
20.000000;14.000000
21.337408;13.363840
21.339464;13.347361
21.347891;13.323794
21.342688;13.306956
21.341623;13.287676
20.000000;14.000000
21.349070;13.263535
20.000000;14.000000
22.060345;12.798666
22.050560;12.772277
22.059183;12.734435
22.062126;12.699430
22.081322;12.653323
22.076391;12.622082
22.089205;12.578397
22.078314;12.550252
22.087530;12.507830
22.097509;12.463622
22.091543;12.430390
22.100943;12.384902
22.105635;12.342079
22.118177;12.292029
22.115957;12.252929
22.126095;12.202676
22.122494;12.163082
22.120684;12.121546
22.137644;12.070005
22.139536;12.023146
22.104836;12.009453
22.054211;12.002891
22.021858;11.997050
21.975096;11.988594
21.928091;11.990351
21.887552;11.986360
21.852777;11.977313
21.808516;11.979056
21.830364;11.906264
21.831928;11.854754
21.846203;11.786980
21.849398;11.740325
21.849503;11.686392
21.858227;11.619372
21.866482;11.551228
21.887495;11.463150
21.892857;11.393866
21.895712;11.325760
21.902674;11.248844
21.919556;11.155017
21.923250;11.076969
21.937555;10.980129
22.803522;9.538764
22.753056;9.505100
22.686380;9.497511
22.627872;9.478143
22.550619;9.491482
22.485558;9.486087
22.428307;9.466372
22.375065;9.440510
22.314333;9.428432
22.243490;9.438899
22.188713;9.417902
22.115227;9.436370
22.059713;9.418721
22.000038;9.409804
21.938154;9.408288
21.883623;9.388891
21.820526;9.392636
21.760536;9.388643
21.702526;9.381830
21.643251;9.379508
21.598940;9.333323
21.529171;9.363669
21.472565;9.354822
21.422230;9.327664
21.357851;9.346040
21.300722;9.343247
21.249966;9.315911
21.185387;9.343512
21.133856;9.321435
21.073675;9.333935
21.023544;9.305282
20.972040;9.279032
20.913664;9.288777
20.860025;9.272593
20.800886;9.290615
20.745577;9.285592
20.692450;9.269411
20.635712;9.278605
20.582972;9.254675
20.529776;9.235362
20.471498;9.259390
20.419554;9.224394
20.362532;9.240788
20.307755;9.236932
20.252691;9.229688
20.198788;9.203117
20.143200;9.214142
20.087746;9.208803
20.032721;9.193111
19.976612;9.121056
19.920336;9.112649
19.863338;9.102906
19.805473;9.065833
19.748058;9.055414
19.690966;9.062662
19.632483;9.043607
19.575315;9.046170
19.518557;9.058397
19.458158;9.031458
19.400555;9.034049
19.342594;9.038363
19.283272;9.030418
19.224758;9.030101
19.166660;9.036469
19.116690;9.085754
19.050514;9.048208
18.994007;9.061419
18.933250;9.054747
18.875067;9.063555
18.810881;9.045707
18.752985;9.055837
18.678831;9.006831
18.627346;9.043563
18.561520;9.028944
18.496723;9.022033
18.425148;8.993869
18.358017;8.982856
18.299927;9.002241
18.234884;9.000443
18.133141;8.899941
18.066301;8.901371
18.654593;10.594105
18.655195;10.707015
18.634192;10.763375
18.624203;10.841645
18.617470;10.923356
18.602343;10.983018
18.595875;11.058995
18.589487;11.130982
18.579599;11.192906
18.583876;11.279508
18.573179;11.334909
18.567200;11.396182
18.553579;11.441566
18.542580;11.490512
18.530930;11.548470
18.532158;11.613235
18.524008;11.660727
18.525444;11.721518
18.514597;11.762105
18.522703;11.828947
18.511553;11.865772
18.514425;11.921276
18.509909;11.965273
18.503401;12.004950
18.497606;12.044502
18.485720;12.075277
18.487335;12.122563
18.472836;12.148576
18.478733;12.198359
18.475594;12.236553
18.470161;12.278547
18.461895;12.308838
18.458212;12.343481
18.458567;12.381603
18.449669;12.409618
18.450542;12.446675
18.444057;12.475950
18.425905;12.493260
18.424549;12.593410
18.424917;12.626241
18.422157;12.655478
18.421268;12.686028
18.416344;12.712478
18.410913;12.738397
18.418633;12.773919
19.793961;13.841419
19.791475;13.839729
18.410097;12.796571
18.426918;12.837525
20.000000;14.000000
18.357140;12.843674
18.390825;12.895074
18.373236;12.910321
20.000000;14.000000
18.383581;13.022498
18.388449;13.055370
18.381161;13.075956
18.380167;13.100140
18.374235;13.121367
18.373972;13.145248
20.000000;14.000000
19.801352;13.898668
19.792168;13.901483
19.769068;13.912367
19.767832;13.915696
19.767702;13.916053
19.766432;13.922790
20.000000;14.000000
20.000000;14.000000
20.000000;14.000000
19.763485;13.928799
19.760054;13.929818
20.000000;14.000000
19.764597;13.932101
19.765997;13.934493
20.000000;14.000000
19.766735;13.935567
20.000000;14.000000
20.000000;14.000000
19.766262;13.941285
19.763990;13.942132
20.000000;14.000000
20.000000;14.000000
19.751116;13.944487
20.000000;14.000000
19.759476;13.948381
20.000000;14.000000
20.000000;14.000000
18.211632;13.690219
18.218060;13.712407
18.213854;13.732949
18.217810;13.754642
18.210144;13.774537
18.205662;13.795089
18.209375;13.816529
18.204380;13.837043
18.209602;13.858264
18.198101;13.878369
18.194824;13.898995
18.194788;13.919641
18.194983;13.940448
20.000000;14.000000
20.000000;14.000000
18.192001;14.002600
18.177153;14.023594
18.190540;14.044246
18.175180;14.065636
18.175049;14.086497
18.173170;14.107663
18.172535;14.128814
18.165154;14.150390
18.167004;14.171489
18.161142;14.193402
20.000000;14.000000
20.000000;14.000000
18.153042;14.258786
18.155153;14.280169
18.147642;14.303150
18.145311;14.325300
18.140551;14.343989
18.143480;14.369840
18.132317;14.390156
18.133022;14.412480
18.133955;14.434661
18.126451;14.459195
18.132877;14.484658
18.112360;14.508767
18.117376;14.530721
18.147837;14.549653
18.038311;14.602062
18.084421;14.612111
18.101141;14.631137
18.101028;14.655733
18.105873;14.678549
18.089499;14.709528
18.081921;14.737562
18.134275;14.742386
18.186480;14.746098
18.183218;14.771996
18.200537;14.789404
18.176939;14.824895
18.172132;14.852752
18.166826;14.881265
18.168123;14.906732
18.165400;14.934731
18.162195;14.963379
18.156675;14.993473
18.161325;15.018666
18.158392;15.048162
18.149094;15.082071
18.149767;15.110676
18.144787;15.142903
18.143801;15.173431
18.143274;15.204135
18.137266;15.238707
18.134920;15.265698
18.126219;15.309480
18.123947;15.337476
18.115364;15.376846
18.111450;15.413597
18.100567;15.491436
18.100706;15.526975
18.096930;15.566701
19.626026;14.313509
18.099941;15.601562
18.129848;15.613516
18.040762;15.730428
18.069126;15.745663
18.074657;15.781343
18.070038;15.827624
18.052412;15.887285
18.046892;15.982539
18.035152;16.040897
18.030184;16.094147
18.033632;16.139681
19.685270;14.343658
18.028833;16.185350
20.000000;14.000000
20.000000;14.000000
20.000000;14.000000
19.707613;14.381930
20.000000;14.000000
19.734047;14.367948
19.738440;14.367407
19.741486;14.375641
19.747770;14.377487
19.719301;14.429391
19.727772;14.431268
19.735840;14.431573
19.741529;14.429178
19.746990;14.431260
19.755404;14.432645
19.758469;14.438934
19.756916;14.451752
19.756050;14.463751
20.000000;14.000000
19.754429;14.477560
20.000000;14.000000
19.754887;14.487888
20.000000;14.000000
19.754423;14.503282
20.000000;14.000000
20.000000;14.000000
20.000000;14.000000
20.000000;14.000000
17.104567;20.790462
17.180971;20.827946
17.286329;20.795181
17.403582;20.725199
17.449286;20.842007
17.519707;20.894423
17.609018;20.894157
20.000000;14.000000
20.000000;14.000000
17.796049;21.146891
20.000000;14.000000
18.020620;20.988077
18.116310;20.954405
18.209124;20.929316
18.275333;21.004807
18.369024;20.968685
18.442827;21.019352
18.541138;20.953613
18.610846;21.025988
18.702181;20.985462
18.787241;20.977388
18.881664;20.904011
19.002914;20.941757
19.085993;20.934019
19.163082;20.966911
19.042046;22.839243
19.138794;22.901436
19.238976;22.947695
19.343065;22.940899
19.441275;23.037746
19.544535;23.058558
19.646055;23.156162
19.755405;23.044693
20.000000;14.000000
20.000000;14.000000
