20.000000;14.000000
20.000000;14.000000
20.000000;14.000000
20.000000;14.000000
21.060863;18.688477
21.083656;18.545614
21.101364;18.395105
21.132536;18.308641
21.180172;18.288578
21.234684;18.292976
21.291464;18.303391
21.344769;18.300655
21.403748;18.314379
20.000000;14.000000
20.000000;14.000000
20.000000;14.000000
20.216850;14.513055
20.217834;14.496299
20.218336;14.485132
20.219231;14.467113
20.217192;14.449254
20.221987;14.443551
20.227991;14.442746
20.233963;14.444146
20.000000;14.000000
20.240486;14.444062
20.000000;14.000000
20.248503;14.441922
20.236048;14.387811
20.236559;14.376915
20.243866;14.380570
20.000000;14.000000
20.250677;14.379719
20.000000;14.000000
20.261198;14.389534
20.000000;14.000000
20.000000;14.000000
21.372093;15.881914
21.375134;15.832399
20.332344;14.440740
21.375576;15.789369
20.317873;14.411530
21.404112;15.783639
21.380775;15.712734
21.389091;15.682720
21.467670;15.696170
20.000000;14.000000
21.492392;15.685162
21.540047;15.698853
21.577335;15.699933
21.612474;15.705383
21.657473;15.705189
21.694530;15.710855
21.720671;15.697404
21.731445;15.669168
21.728127;15.627714
21.736591;15.598078
21.744925;15.562114
21.745398;15.532944
21.751043;15.495880
21.753525;15.469727
21.755817;15.430849
21.761992;15.402458
21.769457;15.375175
21.774935;15.346698
21.773561;15.313519
21.774092;15.282311
21.784639;15.258934
21.785120;15.228509
21.788458;15.200473
21.800591;15.178550
21.794752;15.145211
21.792631;15.114808
21.796890;15.088756
21.800787;15.062756
21.809526;15.039801
21.804010;15.008977
21.808567;14.984158
21.813675;14.959837
21.814016;14.933244
21.822037;14.910796
21.818987;14.883047
21.813730;14.854640
21.813517;14.828970
21.831240;14.811522
21.835018;14.787858
21.838493;14.764215
21.830534;14.736120
21.843611;14.716647
21.519083;14.562837
21.518919;14.542821
21.525114;14.525165
21.528131;14.510032
21.534029;14.488730
21.538639;14.470610
21.536318;14.450478
21.538551;14.431815
21.535730;14.411866
21.542341;14.394519
21.543900;14.375891
21.240557;14.281076
21.238819;14.265737
21.241261;14.254086
21.247047;14.240356
21.241365;14.221655
21.243834;14.207359
21.245728;14.195663
21.251263;14.178991
21.253239;14.164584
21.256058;14.150154
21.252729;14.135158
21.257925;14.123773
21.261497;14.106685
21.261295;14.065600
21.264969;14.051085
21.267550;14.033792
21.270855;14.019253
20.000000;14.000000
21.270992;14.004630
21.269960;13.989894
21.274811;13.977998
20.263950;13.994863
21.274469;13.963211
21.253862;13.946593
21.299379;13.917419
21.278183;13.901155
21.279202;13.889100
21.282524;13.870951
21.290892;13.855088
20.000000;14.000000
20.247639;13.948195
20.243881;13.940647
20.243164;13.937776
20.242161;13.937884
20.246735;13.935600
20.248260;13.929783
20.245829;13.928557
20.242935;13.929348
20.243605;13.921308
20.242184;13.920174
20.243975;13.919220
20.244335;13.917147
20.000000;14.000000
20.000000;14.000000
20.000000;14.000000
20.000000;14.000000
20.000000;14.000000
20.000000;14.000000
20.000000;14.000000
20.000000;14.000000
20.000000;14.000000
21.336676;13.362302
20.000000;14.000000
21.340508;13.344942
20.000000;14.000000
21.348070;13.321924
20.000000;14.000000
21.343666;13.304493
20.000000;14.000000
21.344334;13.284253
21.349098;13.261503
20.000000;14.000000
20.000000;14.000000
20.000000;14.000000
22.056486;12.798008
22.051098;12.769283
22.056387;12.733707
22.063540;12.696049
22.073576;12.656078
22.078798;12.618474
22.089077;12.576432
22.078299;12.548485
20.000000;14.000000
22.083277;12.508758
20.000000;14.000000
22.092592;12.465373
22.090790;12.429388
22.100168;12.383895
22.101858;12.343748
22.116129;12.292676
22.118538;12.249772
22.124224;12.203560
22.129217;12.164747
22.133459;12.117881
22.129679;12.068655
22.135904;12.017753
22.094641;12.010325
22.060856;11.996815
22.022760;11.996540
21.973379;11.991113
21.930746;11.988742
21.890867;11.983985
21.854712;11.976371
21.807289;11.981985
21.831167;11.906967
21.836855;11.851071
21.854496;11.788702
21.846758;11.735587
21.853514;11.683197
21.864681;11.612992
21.868399;11.550175
21.884642;11.468506
21.897720;11.388748
21.902588;11.317151
21.904907;11.246741
21.915913;11.161003
21.926830;11.072142
21.936226;10.982840
22.805014;9.537339
22.747833;9.513628
22.687918;9.494935
22.623922;9.483944
22.555111;9.482533
22.490913;9.475337
22.431648;9.459087
22.377422;9.433846
22.303524;9.447618
22.239973;9.442741
22.177917;9.437127
22.121058;9.420336
22.055088;9.424317
21.999077;9.407204
21.938671;9.400909
21.876942;9.400206
21.817217;9.394555
21.758326;9.387800
21.706085;9.363959
21.641487;9.374637
21.597227;9.329565
21.526686;9.360744
21.471100;9.350162
21.414310;9.344070
21.358248;9.334698
21.296968;9.346353
21.244698;9.324856
21.184921;9.334107
21.136099;9.300372
21.071886;9.329419
21.023182;9.293944
20.970179;9.276608
20.909246;9.297089
20.856688;9.278085
20.800802;9.277414
20.746275;9.266467
20.691191;9.262153
20.633448;9.278301
20.579723;9.262337
20.526062;9.248030
20.469522;9.256179
20.417091;9.226186
20.361160;9.234667
20.305471;9.236785
20.250547;9.235583
20.196333;9.218029
20.140789;9.218072
20.085836;9.212770
20.031044;9.167100
19.974741;9.121065
19.918379;9.107681
19.862240;9.113941
19.804575;9.090888
19.746469;9.061503
19.689421;9.060755
19.632292;9.066685
19.574188;9.055301
19.518885;9.076450
19.456295;9.027637
19.399132;9.038250
19.340244;9.031613
19.281555;9.028646
19.222557;9.025384
19.166395;9.043612
19.115276;9.086009
19.051826;9.060176
18.990189;9.049952
18.931829;9.055054
18.868784;9.040371
18.811098;9.050797
18.744461;9.028078
18.679665;9.013851
18.624258;9.036117
18.555559;9.011930
18.500687;9.038594
18.427191;9.003710
18.360167;8.992675
18.300091;9.004298
18.231260;8.993238
18.131475;8.898421
18.060139;8.886597
18.650959;10.585864
18.652672;10.702644
18.633883;10.763507
18.623102;10.839943
18.616764;10.922576
18.603735;10.986782
18.597746;11.063642
18.591417;11.135605
18.583845;11.201964
18.580843;11.274322
18.575068;11.338435
18.565504;11.393691
18.552841;11.440833
18.542078;11.489648
18.535826;11.544378
18.531111;11.611531
18.526142;11.664109
18.526531;11.723196
18.514597;11.762105
18.523829;11.830601
18.509264;11.862491
18.514425;11.921276
18.509514;11.964324
18.502392;12.003205
18.497606;12.044502
18.485720;12.075277
18.486261;12.120861
18.473013;12.148430
18.476971;12.195920
18.464836;12.231318
18.473463;12.274282
18.464449;12.303821
18.457689;12.342601
18.457342;12.380007
18.449974;12.409321
18.451546;12.447086
18.445065;12.476352
18.424953;12.592957
18.426197;12.626294
18.423304;12.655673
18.422541;12.686062
18.416838;12.711870
18.409048;12.735921
18.415941;12.770860
19.793657;13.841814
18.410559;12.795960
19.790131;13.841494
18.420931;12.832165
18.413277;12.854506
18.357582;12.843044
18.390532;12.893737
18.378740;12.912883
20.000000;14.000000
18.382847;13.025650
18.386404;13.052925
18.382870;13.070960
18.383307;13.100666
18.376585;13.121229
18.376316;13.145089
19.795107;13.895508
19.800560;13.902493
19.767433;13.913882
19.768286;13.917392
19.767349;13.920063
19.765205;13.920156
19.765060;13.920584
20.000000;14.000000
19.763124;13.926555
19.766935;13.931224
19.766577;13.932454
19.764965;13.938293
19.761621;13.939243
19.765440;13.940456
19.766317;13.941061
20.000000;14.000000
19.752777;13.941714
18.212170;13.687133
18.219545;13.709494
18.216295;13.730166
18.214298;13.750844
18.209566;13.771151
18.210032;13.792109
18.205751;13.812680
18.208694;13.833797
18.201918;13.854012
18.205343;13.875055
20.000000;14.000000
18.193033;13.895246
20.000000;14.000000
18.191948;13.916040
20.000000;14.000000
18.187111;13.936534
20.000000;14.000000
20.000000;14.000000
20.000000;14.000000
18.191000;13.998960
20.000000;14.000000
18.181107;14.019706
20.000000;14.000000
18.186453;14.040519
20.000000;14.000000
18.175039;14.061611
20.000000;14.000000
18.173872;14.082693
20.000000;14.000000
18.175932;14.103465
20.000000;14.000000
18.170259;14.124920
18.167816;14.146105
18.164639;14.167628
18.158712;14.189375
18.137697;14.209056
18.151894;14.250462
18.168333;14.273677
18.135046;14.300441
18.142567;14.321195
18.138748;14.339711
18.133732;14.366947
18.134125;14.389031
18.132864;14.411764
18.133810;14.429605
18.126242;14.454107
20.000000;14.000000
18.125731;14.476935
20.000000;14.000000
18.115881;14.502590
18.114235;14.530631
18.140560;14.546192
18.068426;14.611308
18.101173;14.624866
18.101864;14.648934
18.104744;14.672400
18.090078;14.702444
18.089876;14.727574
18.122633;14.740148
18.172943;14.744712
20.000000;14.000000
18.187929;14.767739
18.197798;14.788135
18.184219;14.814272
18.178276;14.842241
18.169128;14.872175
18.167612;14.898907
18.168255;14.924886
18.160381;14.955579
18.166204;14.979506
18.159283;15.010821
18.156227;15.040285
18.151878;15.070954
18.148853;15.101349
18.143723;15.133517
18.147566;15.160638
18.140009;15.195390
20.000000;14.000000
18.137186;15.227715
18.139004;15.257463
18.126465;15.297578
18.116688;15.330705
18.127022;15.362281
18.112463;15.399894
18.100822;15.442688
18.111231;15.469354
18.097755;15.515285
18.093615;15.554766
18.096275;15.589414
18.094318;15.628934
18.068232;15.729716
18.072777;15.766013
18.079361;15.801065
18.056917;15.864585
18.056784;15.952929
18.048008;16.007418
18.025333;16.068888
18.030067;16.121412
19.687635;14.337681
18.030552;16.161263
18.076952;16.169352
17.961998;16.342558
17.992798;16.417294
19.704000;14.384200
19.730307;14.368937
19.738283;14.368523
19.740007;14.373403
19.745152;14.376931
19.745943;14.383477
19.722401;14.430212
19.729916;14.431435
19.738367;14.433110
20.000000;14.000000
19.744444;14.432082
19.751469;14.431551
19.755493;14.433844
19.755692;14.445395
19.756123;14.456999
19.754416;14.470797
19.755777;14.481617
19.752560;14.496788
19.752193;14.512204
17.156557;20.769032
17.225203;20.824455
17.366846;20.695860
17.402491;20.835077
17.483021;20.859816
17.562105;20.888317
17.642178;20.916136
20.000000;14.000000
18.056154;20.998045
18.149364;20.972586
18.241482;20.946882
18.317070;20.985125
18.403786;20.976728
18.479073;21.018087
18.582438;20.928471
18.650702;21.004219
18.748802;20.922840
18.832191;20.915085
18.912601;20.923122
20.000000;14.000000
20.000000;14.000000
20.000000;14.000000
20.000000;14.000000
20.000000;14.000000
20.000000;14.000000
20.000000;14.000000
