20.030838;22.934946
20.000000;14.000000
20.000000;14.000000
20.272379;21.170828
20.358171;21.234138
20.441517;21.220514
20.518612;21.133173
20.603077;21.155632
20.690418;21.200977
20.767979;21.143839
20.850800;21.134449
20.945415;21.220367
21.027855;21.205053
21.104574;21.153221
21.184502;21.126228
21.276575;21.169231
21.006042;19.233175
21.026447;19.024220
21.052679;18.866447
21.063175;18.655136
21.087662;18.522034
21.104086;18.368641
21.138903;18.297653
21.186810;18.277407
21.243179;18.288441
21.301987;18.305443
21.357742;18.310209
21.413778;18.314259
20.000000;14.000000
20.000000;14.000000
20.000000;14.000000
20.217588;14.511655
20.217030;14.494467
20.220707;14.481859
20.219687;14.460258
20.215557;14.443377
20.222515;14.442167
20.228968;14.442243
20.234941;14.443628
20.241507;14.443508
20.249035;14.442770
20.228142;14.389041
20.233492;14.391685
20.237268;14.385892
20.000000;14.000000
20.237425;14.376370
20.000000;14.000000
20.244999;14.378652
20.000000;14.000000
20.251816;14.381364
20.264894;14.389451
20.305080;14.412426
21.377535;15.835599
20.333031;14.441475
21.366684;15.769710
20.320658;14.413167
21.399979;15.770342
20.292158;14.364325
21.380144;15.704246
21.393276;15.680556
20.000000;14.000000
21.468458;15.690192
21.496445;15.682901
21.546831;15.699447
21.579567;15.703320
21.618496;15.705190
21.654728;15.703672
21.695530;15.705639
20.000000;14.000000
21.732935;15.657510
21.727287;15.621308
21.737871;15.593727
21.744635;15.556437
21.748856;15.524435
21.752718;15.492376
21.755777;15.467035
21.755682;15.426263
21.764141;15.399755
21.771433;15.372628
21.775274;15.342937
21.771301;15.308167
21.775810;15.279929
21.787146;15.257113
21.788300;15.227415
21.793276;15.200468
21.803619;15.177571
21.799442;15.145293
21.795504;15.113972
21.798788;15.087550
21.802666;15.061536
21.810423;15.038239
21.804785;15.007593
21.811079;14.983726
21.811666;14.957218
21.812775;14.931286
21.823456;14.910194
21.817610;14.881303
21.813152;14.853518
21.813835;14.828275
21.831472;14.810996
21.834249;14.787111
21.836792;14.763095
21.833153;14.732277
21.852068;14.719730
21.520021;14.563184
21.518919;14.542821
21.525063;14.525311
21.528158;14.506786
21.532982;14.488721
21.539459;14.471345
21.535229;14.450638
21.534534;14.431323
21.540361;14.413899
21.543121;14.395506
21.549513;14.378201
21.240368;14.281908
21.238075;14.269180
21.242094;14.255001
21.246910;14.241074
21.240276;14.222075
21.243734;14.207955
21.245075;14.193360
21.252184;14.179613
21.253176;14.165065
21.255007;14.150517
21.253685;14.135625
21.258873;14.124353
20.000000;14.000000
21.260469;14.106962
21.260426;14.063011
21.264959;14.051328
21.266544;14.034008
21.270807;14.022177
21.269991;14.004748
21.271961;13.990000
20.263962;13.995521
21.271811;13.978050
21.274389;13.960523
20.000000;14.000000
21.253862;13.946593
21.298380;13.917483
21.277178;13.901110
21.277946;13.886246
21.279526;13.871128
21.291182;13.857688
20.246058;13.941141
20.243744;13.940086
20.242682;13.939953
20.243153;13.937729
20.000000;14.000000
20.000000;14.000000
20.245718;13.931824
20.243536;13.931447
20.248260;13.929783
20.246136;13.929619
20.000000;14.000000
20.000000;14.000000
20.000000;14.000000
20.244112;13.922897
20.242870;13.922290
20.000000;14.000000
20.000000;14.000000
20.243790;13.915556
20.248465;13.913776
20.000000;14.000000
20.242348;13.914464
20.000000;14.000000
20.000000;14.000000
20.000000;14.000000
20.000000;14.000000
20.000000;14.000000
20.000000;14.000000
20.000000;14.000000
21.336981;13.362943
21.339987;13.346151
21.347502;13.323019
21.343178;13.305725
21.338566;13.288313
21.348717;13.262889
20.000000;14.000000
20.000000;14.000000
22.059135;12.798577
22.046894;12.773939
22.060644;12.732992
22.060308;12.700299
22.079643;12.654409
22.081524;12.618963
22.082035;12.583859
22.077089;12.551994
22.087004;12.508811
22.093916;12.467179
22.099344;12.425794
22.098543;12.388346
22.106588;12.343291
22.119160;12.293248
22.115587;12.255621
22.128239;12.203662
22.125591;12.163607
22.129045;12.117414
22.138008;12.073395
22.084249;12.069407
22.111252;11.998777
22.064402;11.997597
22.033600;11.990435
21.982004;11.986971
21.937220;11.986641
21.894554;11.984704
21.858391;11.977034
21.809610;11.984066
21.827181;11.916769
21.832169;11.861540
21.845957;11.794593
21.841135;11.747778
21.842556;11.692362
21.859638;11.625553
21.862574;11.564599
21.883251;11.477448
21.898869;11.394530
21.897171;11.332928
21.902594;11.258521
21.907930;11.182162
21.921951;11.089288
21.935980;10.993381
22.835861;9.503585
22.760378;9.509593
22.693716;9.501896
22.636749;9.479841
22.566853;9.479992
22.501137;9.475266
22.438061;9.465933
22.382492;9.444386
22.320860;9.435106
22.246492;9.451528
22.187962;9.438607
22.126881;9.430758
22.071293;9.412971
22.012329;9.402077
21.942902;9.417898
21.886959;9.402143
21.822868;9.408622
21.771717;9.383286
21.711439;9.380860
21.656839;9.365243
21.602310;9.348226
21.531061;9.383253
21.475882;9.370566
21.427210;9.338594
21.370504;9.330988
21.317240;9.313604
21.252598;9.338355
21.195208;9.336732
21.141479;9.323290
21.087151;9.310363
21.032053;9.303049
20.978920;9.284539
20.922110;9.286347
20.863033;9.299573
20.809238;9.287984
20.756395;9.270099
20.700890;9.265599
20.644081;9.274693
20.592928;9.237770
20.540007;9.214371
20.480934;9.243251
20.426981;9.229069
20.369589;9.250358
20.314791;9.248416
20.261744;9.215154
20.207253;9.188461
20.151663;9.193392
20.095854;9.193955
20.040615;9.186172
19.984583;9.127025
19.928097;9.098527
19.871555;9.093681
19.813854;9.074516
19.756216;9.057008
19.698818;9.051156
19.641905;9.054949
19.583223;9.043492
19.527466;9.061556
19.467482;9.037490
19.409122;9.037050
19.349991;9.028312
19.289169;9.010379
19.232269;9.021852
19.170967;9.009390
19.126047;9.089160
19.065130;9.075960
19.006369;9.076260
18.943251;9.059758
18.879652;9.042006
18.822224;9.053277
18.760778;9.048723
18.696058;9.035383
18.634256;9.033357
18.568367;9.018643
18.504930;9.016429
18.434271;8.991009
18.369633;8.987481
18.301188;8.974360
18.240351;8.986856
18.148249;8.912524
18.062323;8.861180
18.653812;10.572916
18.654362;10.686839
18.639240;10.757997
18.623104;10.822496
18.619402;10.912626
18.607422;10.979569
18.599516;11.052829
18.597353;11.133807
18.584446;11.190459
18.582590;11.265526
18.578506;11.333197
18.569292;11.389329
18.553339;11.443999
18.542406;11.480210
18.539045;11.540135
18.547249;11.628613
18.526758;11.656631
18.527534;11.716596
18.517694;11.758853
18.522316;11.820748
18.513687;11.861849
18.500210;11.894566
18.503206;11.949116
18.501673;11.996249
18.497568;12.038231
18.487873;12.072314
18.487713;12.117126
18.481852;12.154105
18.480682;12.195407
18.467865;12.230016
18.475119;12.271485
18.460970;12.302923
18.457714;12.338481
18.460051;12.378811
18.451805;12.407539
18.452480;12.444745
18.445959;12.474012
18.432690;12.496296
18.426779;12.592416
18.427874;12.625896
18.424967;12.655265
18.424065;12.685795
18.418230;12.711743
18.412003;12.737026
19.795538;13.839392
18.417994;12.771480
18.410223;12.794747
19.790268;13.841313
18.420464;12.831116
18.411064;12.852446
18.354536;12.840425
18.389812;12.893016
18.377911;12.912326
20.000000;14.000000
18.381897;13.025290
18.387085;13.053741
18.381428;13.075490
18.384796;13.102103
18.376247;13.121852
18.380331;13.148194
20.000000;14.000000
19.800560;13.902493
19.792215;13.901383
19.769457;13.911349
19.767508;13.913681
19.768404;13.917059
19.768175;13.917703
20.000000;14.000000
20.000000;14.000000
19.762432;13.925415
19.767092;13.927270
20.000000;14.000000
19.762527;13.928510
19.767181;13.930398
20.000000;14.000000
19.767498;13.932866
20.000000;14.000000
20.000000;14.000000
19.766045;13.938121
19.764771;13.939037
20.000000;14.000000
19.752394;13.939036
20.000000;14.000000
20.000000;14.000000
19.760176;13.945227
20.000000;14.000000
20.000000;14.000000
20.000000;14.000000
18.210735;13.689533
18.219101;13.712225
18.213905;13.732607
18.216890;13.753993
18.207211;13.773819
18.201727;13.794290
18.210423;13.816116
18.208410;13.836888
18.209642;13.857749
18.196140;13.877715
18.192856;13.898364
18.193804;13.919250
18.194988;13.940275
18.178425;13.960700
18.182093;13.981699
18.189001;14.002604
18.178152;14.023582
18.189545;14.044444
18.176186;14.065774
18.176064;14.086800
18.171194;14.108131
18.171562;14.129235
18.165195;14.150918
18.163088;14.172566
18.161217;14.194108
20.000000;14.000000
18.140383;14.239686
18.154156;14.259533
18.149355;14.281956
18.142883;14.305026
18.142845;14.322798
18.141548;14.349336
18.144709;14.370890
18.135403;14.395112
18.134256;14.418027
18.133356;14.436499
18.127871;14.464940
18.132275;14.482330
18.113815;14.510315
18.120823;14.531889
18.148418;14.551606
18.042768;14.602953
18.089888;14.612787
18.102757;14.632823
18.100777;14.658063
18.107595;14.680389
18.091253;14.711376
18.086502;14.738328
18.137917;14.743420
18.187998;14.752389
18.201443;14.771387
18.197786;14.793085
18.176147;14.827993
18.165045;14.858845
18.167841;14.883373
18.166567;14.910349
18.166567;14.937017
18.163305;14.965493
18.157915;14.995770
18.159100;15.022900
18.157196;15.052119
18.147856;15.085895
18.139158;15.120201
18.143770;15.146969
18.143576;15.176815
18.134718;15.212991
18.136435;15.242869
18.125389;15.281903
18.129616;15.310845
18.123304;15.341738
18.116407;15.379966
18.112549;15.416731
18.099428;15.496459
18.097454;15.534098
18.098263;15.569890
19.624252;14.314506
18.099800;15.606047
18.155613;15.595920
18.061052;15.717145
18.070730;15.748924
18.076317;15.784606
18.058714;15.843296
18.055128;15.890084
18.049555;15.985159
18.048283;16.032713
18.032997;16.096788
18.034479;16.144531
19.685732;14.344081
18.035322;16.184465
20.000000;14.000000
20.000000;14.000000
20.000000;14.000000
19.720945;14.374456
20.000000;14.000000
19.735126;14.367493
19.738356;14.368572
19.739231;14.376515
19.746368;14.378956
19.720825;14.430385
19.727440;14.431058
19.734516;14.430760
19.743490;14.431518
19.749474;14.432709
19.755030;14.432433
19.756680;14.439089
19.755146;14.454206
20.000000;14.000000
19.756773;14.466387
19.753605;14.478261
20.000000;14.000000
19.754883;14.492359
20.000000;14.000000
19.755585;14.502734
20.000000;14.000000
20.000000;14.000000
20.000000;14.000000
20.000000;14.000000
17.120848;20.781090
17.194004;20.827908
17.294909;20.803982
17.388367;20.797565
17.446529;20.883657
17.522522;20.921995
17.612768;20.921907
20.000000;14.000000
20.000000;14.000000
20.000000;14.000000
20.000000;14.000000
18.038101;20.972231
18.130281;20.952995
18.211639;20.969202
18.295927;20.975880
18.391443;20.929758
18.456690;21.017294
18.544912;21.002415
18.636330;20.963736
18.719736;20.965317
18.802317;20.969845
18.894115;20.911079
18.977695;20.933033
19.060610;20.926590
19.140974;20.931976
19.102085;21.998758
19.100958;22.934883
19.204519;22.936666
19.306469;22.968224
19.405754;23.035480
19.509310;23.049707
19.614435;23.031775
19.716717;23.088587
19.819469;23.184225
19.926456;23.131704
