20.055779;21.458792
20.136385;21.183706
20.220362;21.225641
20.302317;21.178637
20.386705;21.208635
20.469612;21.203709
20.545494;21.107096
20.630457;21.129177
20.713827;21.135384
20.801197;21.174402
20.889069;21.208380
20.971291;21.187670
21.061037;21.224501
21.136404;21.163420
21.221262;21.164660
21.037800;19.689117
21.012096;19.147444
21.035921;18.966105
21.048388;18.751720
21.072824;18.607756
21.086740;18.435818
21.101580;18.282593
21.157541;18.294741
21.206741;18.279099
21.260128;18.279322
21.315735;18.285572
21.381392;18.321589
21.444683;18.345127
20.000000;14.000000
20.000000;14.000000
20.216146;14.515521
20.218559;14.507977
20.218830;14.487103
20.219154;14.470460
20.218494;14.455286
20.219820;14.442397
20.224874;14.442095
20.230360;14.442645
20.238804;14.441562
20.243900;14.443338
20.250942;14.441691
20.227474;14.385952
20.235180;14.390674
20.000000;14.000000
20.233658;14.376369
20.000000;14.000000
20.242844;14.381224
20.000000;14.000000
20.249945;14.379004
20.000000;14.000000
20.255169;14.379128
20.000000;14.000000
20.000000;14.000000
20.000000;14.000000
21.387144;15.822067
21.429342;15.841342
21.394720;15.746420
20.299969;14.372159
21.409821;15.723929
21.389120;15.659289
21.483114;15.730380
21.482641;15.689756
21.519518;15.691787
21.556637;15.693187
21.594355;15.701839
21.637358;15.707928
21.673868;15.705950
21.738895;15.731576
21.722313;15.675723
21.732214;15.646674
21.733459;15.610302
21.740175;15.579331
21.737429;15.540462
21.744598;15.511039
21.754444;15.477959
21.756027;15.444800
21.764093;15.417442
21.760750;15.381451
21.771893;15.357284
21.776180;15.328424
21.778547;15.298296
21.773127;15.263072
21.783554;15.239565
21.791075;15.214474
21.777517;15.175413
21.790192;15.154172
21.794039;15.127646
21.798471;15.101536
21.797388;15.072400
21.805386;15.048965
21.815592;15.027142
21.815121;14.999259
21.810722;14.969638
21.812002;14.943662
21.820150;14.921223
21.816357;14.892987
21.820276;14.868841
21.820169;14.843218
21.825268;14.819998
21.830074;14.796773
21.834513;14.773723
21.840586;14.751256
21.834295;14.723979
21.521765;14.572807
21.515148;14.550336
21.526098;14.534521
21.529354;14.515822
21.532232;14.500810
21.533272;14.477824
21.532919;14.458433
21.536211;14.440069
21.534462;14.420369
21.538229;14.402435
21.540815;14.384228
21.546106;14.366707
21.236692;14.275468
21.241306;14.258810
21.237333;14.243162
21.241032;14.229093
21.253439;14.216502
21.247950;14.200797
21.251740;14.189482
21.250240;14.171879
21.250151;14.157234
21.254858;14.143182
21.259119;14.131818
21.259556;14.117231
21.261818;14.102814
20.000000;14.000000
21.262739;14.056453
21.263304;14.041923
21.269638;14.030315
21.273933;14.013069
21.275999;14.001224
21.270929;13.986596
20.263950;13.994837
21.277689;13.971821
20.000000;14.000000
21.273190;13.954573
21.322887;13.925218
21.277044;13.913059
21.277952;13.898214
21.285660;13.882701
20.000000;14.000000
21.282236;13.868123
20.000000;14.000000
20.000000;14.000000
20.246769;13.948919
20.242813;13.940488
20.242596;13.939604
20.242662;13.935843
20.000000;14.000000
20.000000;14.000000
20.257553;13.925900
20.000000;14.000000
20.244225;13.926656
20.000000;14.000000
20.242569;13.924662
20.245045;13.922525
20.000000;14.000000
20.000000;14.000000
20.244909;13.918859
20.000000;14.000000
20.245277;13.913748
20.000000;14.000000
20.253458;13.906947
20.000000;14.000000
20.000000;14.000000
20.000000;14.000000
20.000000;14.000000
20.000000;14.000000
20.000000;14.000000
20.000000;14.000000
21.338503;13.356855
21.339979;13.337065
21.344673;13.315212
21.343725;13.295946
21.350502;13.272471
20.000000;14.000000
21.347292;13.254076
20.000000;14.000000
22.055983;12.785308
22.058119;12.751883
22.055510;12.720891
22.065102;12.681724
22.070715;12.644360
22.079891;12.603907
22.073578;12.573269
22.088083;12.527609
22.094511;12.486700
22.099468;12.446046
22.098984;12.408704
22.101074;12.368716
22.108000;12.324116
22.103315;12.287981
22.112673;12.239571
22.127279;12.185530
22.125095;12.144734
22.127924;12.107107
22.137804;12.053804
22.142344;12.004117
22.083775;12.013413
22.038486;12.002530
22.002661;11.991956
21.966166;11.982655
21.918688;11.985513
21.886528;11.973088
21.836843;11.980371
21.820129;11.951897
21.827917;11.894849
21.847618;11.831334
21.850479;11.776225
21.850014;11.713752
21.853941;11.664357
21.860643;11.599714
21.879744;11.516094
21.893232;11.437528
21.902567;11.361392
21.898556;11.302059
21.912409;11.214263
21.916685;11.137424
21.930101;11.044394
21.954756;10.929409
22.804510;9.502810
22.731901;9.503908
22.674900;9.481381
22.589342;9.507836
22.529716;9.491183
22.486303;9.446580
22.408926;9.463969
22.340981;9.466765
22.289133;9.438127
22.220724;9.444452
22.150618;9.455154
22.096104;9.435257
22.039349;9.419470
21.980968;9.409165
21.925653;9.391108
21.862381;9.394290
21.803728;9.386035
21.742401;9.387105
21.681923;9.385993
21.626408;9.373552
21.566856;9.372046
21.518465;9.339113
21.454584;9.354399
21.403185;9.329218
21.343269;9.334525
21.283663;9.340590
21.232832;9.313440
21.169346;9.337396
21.112612;9.336897
21.058441;9.324304
21.006466;9.303636
20.950584;9.301189
20.897320;9.283602
20.840015;9.290326
20.786310;9.274980
20.733274;9.257352
20.675268;9.272988
20.620129;9.267456
20.571211;9.213966
20.512899;9.237539
20.457619;9.231910
20.400967;9.247886
20.347504;9.226632
20.291313;9.235898
20.237328;9.215883
20.182501;9.207474
20.126629;9.215675
20.071728;9.204536
20.016771;9.141029
19.960329;9.132162
19.903799;9.105946
19.846626;9.094397
19.789131;9.071509
19.731701;9.069294
19.672754;9.038781
19.616617;9.060857
19.559019;9.056630
19.502178;9.062031
19.443363;9.054226
19.385143;9.050041
19.325203;9.038680
19.265100;9.025997
19.203667;9.011157
19.154774;9.069929
19.095835;9.070230
19.036112;9.065255
18.973721;9.049254
18.916786;9.063446
18.854200;9.050904
18.792366;9.046070
18.734709;9.057384
18.667349;9.034729
18.601664;9.019580
18.539761;9.021743
18.468544;8.992971
18.404972;8.991864
18.341322;8.993618
18.278954;8.998848
18.193474;8.941927
18.105200;8.881455
18.033060;8.870167
18.652945;10.625962
18.648930;10.725802
18.627031;10.778360
18.615826;10.852953
18.608099;10.930878
18.608030;11.022285
18.592087;11.076337
18.587862;11.151858
18.582912;11.222630
18.582190;11.298442
18.569723;11.349255
18.564054;11.410486
18.548067;11.464261
18.535955;11.509439
18.534781;11.571826
18.522211;11.613499
18.524881;11.677927
18.525558;11.736944
18.509619;11.769024
18.521908;11.841599
18.506365;11.871842
18.511757;11.930572
18.507029;11.973593
18.506102;12.020437
18.495844;12.053435
18.484098;12.084200
18.484819;12.129739
18.485107;12.173465
18.477139;12.206260
18.474970;12.245034
18.466375;12.283258
18.461571;12.317253
18.465700;12.359744
18.452999;12.384154
18.454655;12.422922
18.450626;12.455077
18.442266;12.482077
20.000000;14.000000
18.430498;12.606276
18.422747;12.631784
18.427580;12.667628
18.418518;12.690907
18.415104;12.718772
18.415260;12.749016
18.412062;12.775878
19.793093;13.840908
18.410751;12.804002
19.788179;13.842431
18.426804;12.844422
20.000000;14.000000
18.371027;12.860441
18.394331;12.909446
20.000000;14.000000
20.000000;14.000000
18.385826;13.030396
18.386513;13.060667
18.382685;13.083392
18.379251;13.105924
18.376919;13.129041
18.371357;13.150241
19.794834;13.900546
19.791885;13.902081
19.760525;13.901344
19.767891;13.909852
19.768934;13.912721
19.768324;13.917280
20.000000;14.000000
20.000000;14.000000
19.766527;13.922499
20.000000;14.000000
19.763233;13.922914
19.763123;13.923255
20.000000;14.000000
19.754225;13.924878
20.000000;14.000000
20.000000;14.000000
19.767326;13.933468
20.000000;14.000000
20.000000;14.000000
19.764004;13.938016
19.765583;13.939895
20.000000;14.000000
19.766077;13.942024
20.000000;14.000000
20.000000;14.000000
20.000000;14.000000
20.000000;14.000000
18.213295;13.675134
18.215561;13.696887
18.223030;13.719324
18.210989;13.738656
18.210058;13.759693
18.206421;13.780180
18.204985;13.801111
18.204788;13.822145
18.200853;13.842808
18.189180;13.862934
18.193710;13.884160
18.194504;13.904881
18.193529;13.925658
18.189795;13.946357
20.000000;14.000000
20.000000;14.000000
18.182022;14.008889
18.181244;14.029820
18.175711;14.050910
18.175417;14.071934
18.175367;14.092971
18.167576;14.114517
18.168003;14.135489
18.159719;14.157409
18.158667;14.178861
18.157864;14.200356
20.000000;14.000000
18.146107;14.244913
18.158945;14.264802
18.132471;14.290577
18.137911;14.311713
18.138920;14.329365
18.134972;14.352239
18.136019;14.378391
18.137564;14.400441
18.135468;14.423391
18.132673;14.442327
18.130184;14.470079
18.125929;14.489723
18.118183;14.514946
18.129263;14.539588
18.155443;14.550669
18.057878;14.604420
18.095404;14.616863
18.099846;14.639873
18.100725;14.664001
18.101034;14.688717
18.092302;14.717032
18.109066;14.735669
18.153906;14.742994
18.189426;14.753221
18.173403;14.784657
18.182629;14.805794
18.175650;14.834133
18.164642;14.865047
18.164007;14.891521
18.163651;14.917950
18.168200;14.942393
18.165113;14.971064
18.157080;15.002623
18.153124;15.032719
18.156456;15.058879
18.152500;15.089847
18.149015;15.121048
18.144197;15.153354
18.145056;15.182869
18.132959;15.221278
18.134676;15.251032
18.117628;15.288269
18.128111;15.319139
18.127325;15.352475
18.109520;15.392547
18.115240;15.428603
18.101740;15.502615
18.102062;15.538206
18.096947;15.579278
19.622007;14.318053
18.093296;15.620026
20.000000;14.000000
18.064011;15.723488
18.075264;15.753913
18.078749;15.791626
18.057705;15.853839
20.000000;14.000000
18.058620;15.940636
18.051207;15.993776
18.030066;16.062346
18.027645;16.104109
18.030575;16.150446
18.050262;16.188444
20.000000;14.000000
17.992367;16.406525
19.703081;14.383490
19.721521;14.377373
20.000000;14.000000
19.736078;14.368177
19.740580;14.372581
19.742701;14.375262
19.745403;14.380715
19.723433;14.430876
19.729090;14.430916
19.736155;14.430593
19.744568;14.432156
19.750641;14.431073
19.754704;14.433397
19.757303;14.442859
19.755335;14.456577
19.753498;14.468058
20.000000;14.000000
19.754341;14.479764
20.000000;14.000000
19.753403;14.498322
20.000000;14.000000
19.754869;14.510163
20.000000;14.000000
20.000000;14.000000
20.000000;14.000000
20.000000;14.000000
17.117924;20.829803
17.224190;20.797047
17.337107;20.741106
17.392010;20.831085
17.476616;20.846806
17.545502;20.903648
17.617653;20.955309
20.000000;14.000000
20.000000;14.000000
17.884211;20.953218
20.000000;14.000000
18.039637;21.018358
18.143616;20.956568
18.220318;20.991032
18.312170;20.964394
18.393970;20.979607
18.471394;21.011301
18.562647;20.977491
18.641973;21.002531
18.740173;20.921276
18.820549;20.935425
18.900301;20.953579
19.005524;20.933039
19.089670;20.916349
19.158941;21.012745
19.033312;22.927816
19.138973;22.908487
19.237972;22.969688
19.340117;22.992823
19.442694;23.014790
19.546442;23.020605
19.648760;23.086214
19.755379;23.013681
20.000000;14.000000
20.000000;14.000000
