20.000000;17.000000
20.087423;23.038366
20.000000;17.000000
20.221607;22.908846
20.297749;23.072704
20.353825;22.832277
20.314232;21.221321
20.364576;21.238348
20.410494;21.205011
20.459061;21.201998
20.506334;21.184477
20.556677;21.195227
20.606764;21.201412
20.656601;21.204033
20.707315;21.207968
20.753908;21.189711
20.791321;21.124781
20.845110;21.144718
20.898436;21.161114
20.945137;21.145626
20.997204;21.152954
21.049475;21.157589
21.102865;21.166508
21.154999;21.168962
21.205786;21.163929
21.262285;21.178499
21.313677;21.173115
21.363867;21.163296
21.414896;21.156796
21.480013;21.188189
21.536011;21.192480
20.217932;17.512596
20.219973;17.495354
20.221125;17.482769
20.218981;17.463915
20.217350;17.446955
20.223532;17.441654
20.000000;17.000000
20.230026;17.441692
20.236509;17.441662
20.241114;17.442583
20.249111;17.440432
20.234081;17.386665
20.238953;17.388378
20.000000;17.000000
20.236256;17.372377
20.000000;17.000000
20.245977;17.378016
20.000000;17.000000
20.252838;17.380686
20.000000;17.000000
20.265118;17.389299
20.000000;17.000000
20.000000;17.000000
21.219522;18.615345
21.213560;18.569563
20.318800;17.412077
21.230444;18.553812
21.258945;18.552759
21.231522;18.483421
20.000000;17.000000
21.243006;18.422413
21.243288;18.390129
21.243126;18.357910
21.252512;18.336950
21.244406;18.297791
21.265556;18.289812
21.297440;18.291979
21.325119;18.289520
21.357382;18.290598
21.389112;18.290419
21.426079;18.294518
21.461327;18.301680
21.501099;18.306446
21.538248;18.307730
21.587809;18.318697
20.000000;17.000000
21.577091;18.249371
21.581987;18.223650
21.588095;18.199188
21.588907;18.171345
21.591024;18.144659
21.595903;18.120531
21.588169;18.087816
21.593773;18.059849
21.600927;18.038025
21.601227;18.017195
21.601494;17.986599
21.600826;17.960751
21.598825;17.934700
21.604345;17.913122
21.604332;17.888636
21.609251;17.867119
21.606802;17.841894
21.611925;17.821083
21.615068;17.799225
21.614315;17.775671
21.627737;17.759005
21.612741;17.729357
21.623774;17.711960
21.621799;17.688776
21.626905;17.668776
21.627119;17.646902
21.627047;17.625114
21.621943;17.601831
21.628815;17.582975
21.626015;17.560781
21.626717;17.539989
21.630013;17.520172
21.638758;17.502264
21.638718;17.481527
21.630716;17.458694
21.641722;17.441303
21.644793;17.421734
21.645561;17.397968
21.639486;17.380232
21.639879;17.360329
21.650576;17.338861
21.647797;17.322187
21.643204;17.297960
21.646549;17.278879
21.646135;17.262922
21.655975;17.244991
21.330507;17.175251
21.329473;17.159447
21.326262;17.143476
21.333797;17.128786
20.000000;17.000000
21.337194;17.113474
21.343323;17.067156
21.341009;17.051580
21.341516;17.036020
21.341843;17.020586
21.342991;17.005022
21.345959;16.989418
21.345747;16.973934
20.264940;16.994335
21.348352;16.958231
20.000000;17.000000
21.330793;16.943317
21.376028;16.909502
21.354954;16.895218
21.353647;16.879507
21.354149;16.863613
21.355471;16.847708
20.000000;17.000000
20.247286;16.946533
20.245178;16.946251
20.244001;16.941139
20.242682;16.939953
20.245108;16.937304
20.000000;17.000000
20.000000;17.000000
20.252409;16.929758
20.000000;17.000000
20.246714;16.928019
20.000000;17.000000
20.000000;17.000000
20.241911;16.922571
20.243423;16.920748
20.000000;17.000000
20.000000;17.000000
20.245302;16.913818
20.000000;17.000000
20.250511;16.910555
20.241768;16.912840
20.000000;17.000000
20.000000;17.000000
20.000000;17.000000
21.217205;16.484156
20.000000;17.000000
21.193733;16.477688
21.394018;16.355013
21.398176;16.333290
21.394903;16.315044
21.400249;16.292143
21.394674;16.274696
21.404684;16.248661
21.402958;16.228697
21.400011;16.209030
21.407251;16.183439
21.402840;16.164099
21.411045;16.137058
21.409410;16.115433
21.413666;16.094135
21.416136;16.064922
21.420555;16.042717
21.421696;16.017776
21.423361;15.992239
21.427761;15.964050
21.429291;15.937414
21.423336;15.916195
21.425650;15.888071
21.431517;15.856767
21.432867;15.828209
21.434511;15.798826
21.443699;15.767874
21.441706;15.735006
21.437210;15.714850
21.457741;15.660078
21.802773;15.318859
21.804852;15.277346
21.810497;15.231368
21.802761;15.197930
21.812490;15.145673
21.815903;15.098911
21.823065;15.046537
21.826559;14.996701
21.828003;14.948194
21.833620;14.893182
21.831079;14.846148
21.843000;14.790819
21.851990;14.726950
21.852892;14.671187
21.403526;15.185461
21.802219;14.624220
21.762722;14.608421
21.729631;14.606554
21.695988;14.594823
21.654936;14.594260
21.624689;14.578546
21.586319;14.575912
21.544127;14.567752
21.531067;14.525341
21.535210;14.465734
21.536198;14.396420
21.521334;14.351895
21.485632;14.343153
21.449453;14.335760
21.414240;14.327081
21.376078;14.325214
21.344955;14.309431
21.307976;14.305705
21.269812;14.305187
21.237219;14.293366
20.000000;17.000000
21.249842;14.088965
21.254755;13.981400
21.259949;13.866845
20.000000;17.000000
21.266678;13.626999
20.000000;17.000000
20.000000;17.000000
21.765717;11.787971
21.775629;11.592042
21.777470;11.366773
21.793442;11.077593
22.207056;9.394773
22.117809;9.375667
22.036657;9.323582
21.941093;9.328773
21.858761;9.278577
21.751757;9.336667
21.672470;9.271902
21.575439;9.292362
21.474022;9.336472
21.393009;9.275601
21.302223;9.270934
21.206287;9.295866
21.122446;9.248849
21.027973;9.270053
20.937048;9.274622
20.854662;9.197670
20.755001;9.288873
20.669363;9.235800
20.578283;9.251549
20.489803;9.222407
20.400549;9.212294
20.307756;9.269123
20.220520;9.205118
20.128963;9.270076
20.039370;9.252100
19.949724;9.173162
19.859455;9.203267
19.766546;9.096447
19.673439;9.064716
19.584904;9.120927
19.488716;9.051427
19.400785;9.103703
19.304167;9.053407
19.212622;9.067985
19.119997;9.071689
19.032349;9.117169
18.923502;8.999095
18.846401;9.118982
18.751305;9.109190
18.657839;9.112376
18.538298;8.974018
18.439383;8.961082
18.358753;9.040450
18.242641;8.950602
18.160612;9.020252
18.490911;10.783549
18.476734;11.028214
20.000000;17.000000
18.432026;11.446092
18.429081;11.672793
18.412363;11.837616
18.392847;11.982090
18.396057;12.185127
18.382826;12.326910
18.374689;12.473982
18.364580;12.605444
18.357944;12.739483
18.349007;12.860064
18.341118;12.976567
18.334526;13.089924
18.335569;13.214779
18.340519;13.341803
18.304972;13.375793
18.253927;13.376781
18.222239;13.417883
18.208925;13.511978
18.199879;13.592233
18.190060;13.667827
18.173777;13.728163
18.181215;13.828508
18.186966;13.921164
18.177759;13.986046
18.168226;14.048173
18.167685;14.121743
18.160664;14.183382
18.149815;14.237313
18.153244;14.309896
18.151512;14.373208
18.150072;14.434394
18.143015;14.486589
18.138124;14.540195
18.130779;14.588649
18.129669;14.644173
18.125175;14.693961
18.117962;14.738741
18.197468;14.894089
18.201036;14.946557
18.193359;14.985432
18.198700;15.037293
18.200701;15.084560
18.188999;15.116375
18.178669;15.148740
18.181440;15.193952
18.178724;15.232404
18.167414;15.340961
18.163273;15.375581
18.167253;15.416609
18.157564;15.444894
18.150452;15.475277
18.154690;15.520792
19.796806;16.837790
18.153452;15.548084
18.152597;15.581781
19.791279;16.841637
18.156570;15.624584
20.000000;17.000000
18.169842;15.667253
18.108747;15.682355
20.000000;17.000000
18.139606;15.741646
20.000000;17.000000
18.113331;15.847178
18.129299;15.886533
18.119209;15.909633
18.124975;15.941845
18.118086;15.966556
20.000000;17.000000
18.113377;15.992044
19.793524;16.900961
19.757225;16.904179
19.766388;16.913826
19.768419;16.917013
19.767651;16.919193
20.000000;17.000000
19.765779;16.921577
20.000000;17.000000
19.763559;16.925171
20.000000;17.000000
20.000000;17.000000
19.769703;16.932449
19.765779;16.931614
19.767654;16.932331
20.000000;17.000000
20.000000;17.000000
19.766878;16.935053
20.000000;17.000000
20.000000;17.000000
19.765343;16.940838
19.756393;16.939526
20.000000;17.000000
19.761629;16.943390
20.000000;17.000000
20.000000;17.000000
20.000000;17.000000
18.069666;16.654560
18.067760;16.677305
18.062170;16.699436
18.059778;16.722263
18.059103;16.749460
18.057806;16.768011
18.056240;16.790665
18.051933;16.813223
18.052887;16.836086
18.050119;16.858612
18.049597;16.881489
18.047356;16.904072
20.000000;17.000000
18.043369;16.926805
20.000000;17.000000
18.039005;16.995111
18.042080;17.017645
18.039413;17.040232
18.040005;17.062784
18.029867;17.085808
18.028978;17.108389
18.027363;17.131256
18.029003;17.153942
18.018951;17.177679
18.020132;17.200560
20.000000;17.000000
17.997728;17.226130
18.018324;17.270111
18.022552;17.292746
17.994452;17.320526
18.011086;17.341379
17.999371;17.366934
18.002743;17.390118
18.001490;17.414288
18.000526;17.438538
17.997910;17.463316
18.002401;17.486555
18.003286;17.510742
17.995773;17.537306
17.988607;17.564108
18.007706;17.583557
18.034636;17.600306
17.925411;17.659855
17.979595;17.668097
17.980795;17.693569
17.980431;17.719776
17.981340;17.745735
17.979780;17.772839
17.975864;17.801376
17.978739;17.827261
17.973736;17.856886
17.965483;17.888336
17.968544;17.914968
17.963612;17.940304
17.961111;17.970308
17.955769;18.007454
17.956398;18.031120
17.960974;18.064129
17.960239;18.094805
17.950312;18.130955
17.949594;18.156353
17.949303;18.188082
17.936581;18.227640
17.938892;18.258595
17.938379;18.291979
17.942570;18.322838
17.942062;18.356878
17.934746;18.396343
17.936974;18.429695
17.929241;18.470903
17.924614;18.510715
17.913271;18.556013
20.000000;17.000000
17.919542;18.589220
17.902964;18.680002
17.907131;18.716902
17.913239;18.752441
20.000000;17.000000
17.901861;18.803911
17.897287;18.894070
17.887053;18.948160
17.886330;18.994301
17.892147;19.035156
16.214272;20.794451
16.308104;20.787271
16.380198;20.799809
16.455179;20.808603
19.687319;17.340109
16.522779;20.823240
16.644053;20.776283
20.000000;17.000000
20.000000;17.000000
19.703394;17.387516
20.000000;17.000000
19.731064;17.367012
20.000000;17.000000
19.737280;17.369036
19.740126;17.375917
19.745876;17.375008
19.725334;17.430906
19.734324;17.431816
19.741365;17.431414
19.747395;17.432657
19.753414;17.431515
19.756937;17.436945
19.756752;17.447115
20.000000;17.000000
19.757780;17.460140
20.000000;17.000000
19.754663;17.474306
20.000000;17.000000
19.754169;17.486406
20.000000;17.000000
19.754051;17.500872
20.000000;17.000000
20.000000;17.000000
20.000000;17.000000
18.273829;21.041826
18.335346;21.025377
18.385853;21.034050
18.438503;21.036497
18.487495;21.047638
18.537216;21.056305
18.590874;21.053030
18.638548;21.066128
18.692776;21.058678
18.743103;21.061983
18.796179;21.055084
18.842363;21.070589
18.896357;21.057585
18.946379;21.057430
19.011381;20.995508
19.064512;20.976442
19.113153;20.974253
19.156250;20.996912
19.200726;21.014200
19.248249;21.016251
19.292776;21.034483
19.345047;21.006824
19.390436;21.019037
19.412989;21.026436
19.448454;21.114195
20.000000;17.000000
19.334074;22.901548
19.397985;22.948614
19.464676;22.975067
19.535786;22.950922
19.605513;22.945929
19.672522;22.976034
19.743153;22.936447
19.809341;23.005974
19.878765;23.020779
19.947952;23.031775
