20.034273;23.058903
20.104435;23.051100
20.000000;17.000000
20.244774;23.061060
20.315733;23.081810
20.364254;22.731438
20.327606;21.236351
20.374422;21.206369
20.423594;21.205723
20.471951;21.200571
20.521387;21.200768
20.567930;21.181608
20.620344;21.201450
20.670618;21.203846
20.720119;21.202751
20.757645;21.133131
20.804007;21.116213
20.856180;21.130192
20.911751;21.155144
20.960848;21.150227
21.010111;21.143658
21.063818;21.153942
21.118675;21.166433
21.169638;21.162802
21.226299;21.177740
21.275558;21.166101
21.334131;21.183416
21.387695;21.181763
21.443283;21.186182
21.500845;21.194578
21.558098;21.200325
20.218414;17.508039
20.219965;17.489882
20.220375;17.473200
20.218494;17.455286
20.218887;17.442860
20.223942;17.442568
20.230907;17.443489
20.237955;17.442019
20.243546;17.442392
20.250181;17.442123
20.230551;17.388781
20.237125;17.389496
20.000000;17.000000
20.236328;17.378239
20.000000;17.000000
20.243637;17.381903
20.000000;17.000000
20.248598;17.379889
20.000000;17.000000
20.256056;17.379736
20.000000;17.000000
20.000000;17.000000
20.000000;17.000000
21.217709;18.595379
21.258307;18.609507
21.225643;18.530790
20.298512;17.369480
21.229370;18.499456
21.206118;18.430357
21.254049;18.459156
21.239639;18.402740
21.243753;18.374916
21.243992;18.343519
21.239546;18.307949
21.246281;18.284868
21.280828;18.290195
21.309250;18.288578
21.347176;18.295485
21.374502;18.291409
21.409491;18.299316
21.451864;18.301764
21.482801;18.304579
21.520586;18.306845
21.544836;18.296831
20.000000;17.000000
21.580750;18.265644
21.580357;18.235519
21.586636;18.211035
21.582132;18.178806
21.585997;18.153316
21.593559;18.130789
21.590948;18.101412
21.591290;18.074335
21.597506;18.046938
21.599527;18.021721
21.603632;17.998341
21.603550;17.977503
21.604837;17.948153
21.609661;17.925980
21.599354;17.895519
21.613148;17.878820
21.612711;17.854275
21.608288;17.828184
21.613316;17.807234
21.617176;17.785843
21.621660;17.764896
21.612238;17.737711
21.619843;17.718399
21.619799;17.696007
21.629610;17.677937
21.623449;17.653387
21.625328;17.632334
21.637234;17.615196
21.621698;17.587982
21.632240;17.570292
21.631163;17.548769
21.626003;17.526115
21.636770;17.508701
21.636812;17.487965
21.636593;17.467297
21.639053;17.447334
21.641228;17.427534
21.642195;17.407503
21.644743;17.384109
21.636396;17.362194
21.639509;17.342983
21.646582;17.328346
21.643091;17.304127
21.640596;17.284023
21.645166;17.268919
21.659050;17.251465
21.328903;17.179708
21.326929;17.163790
21.327745;17.148275
21.332363;17.133162
21.333817;17.117697
21.340078;17.102596
21.342098;17.071480
21.341837;17.055864
21.340397;17.040236
21.343773;17.024738
21.343967;17.009277
21.345985;16.993677
21.344822;16.978079
20.263920;16.993496
21.350473;16.962313
20.000000;17.000000
21.338955;16.947084
21.391260;16.912651
21.355249;16.899117
21.355982;16.883230
21.353540;16.867605
21.356884;16.851368
20.248528;16.947561
20.245209;16.946392
20.243595;16.943775
20.243898;16.940718
20.244301;16.938183
20.000000;17.000000
20.243141;16.933767
20.247318;16.930126
20.000000;17.000000
20.000000;17.000000
20.244366;16.927124
20.000000;17.000000
20.244061;16.922733
20.000000;17.000000
20.243620;16.921354
20.000000;17.000000
20.244047;16.916304
20.000000;17.000000
20.242868;16.912943
20.000000;17.000000
20.254780;16.907652
20.245592;16.908737
20.000000;17.000000
20.000000;17.000000
21.223820;16.484396
20.000000;17.000000
21.196667;16.479408
21.397131;16.356985
21.397709;16.336964
21.396278;16.317854
21.400778;16.295412
21.395174;16.277830
21.400827;16.254175
21.402607;16.232214
21.399782;16.212696
21.407928;16.190609
21.403500;16.167166
21.410151;16.145205
21.411179;16.122036
21.413628;16.097788
21.415617;16.073235
21.419714;16.046843
21.420094;16.022499
21.422646;15.996427
21.426306;15.968859
21.428713;15.941669
21.425205;15.918653
21.429146;15.889306
21.431030;15.860970
21.432562;15.832579
21.437349;15.800663
21.437786;15.771729
21.440754;15.739991
21.438829;15.712161
21.444399;15.682526
21.799650;15.327246
21.804758;15.283047
21.807646;15.239902
21.806404;15.200165
21.813410;15.150772
21.812592;15.108198
21.821960;15.053717
21.823071;15.007059
21.826485;14.956220
21.832905;14.900517
21.830046;14.854462
21.834835;14.807453
21.842817;14.745278
21.852095;14.679503
21.325895;15.283445
21.813734;14.616642
21.777020;14.607803
21.737997;14.602734
21.701984;14.594162
21.658625;14.596802
21.624966;14.575119
21.580317;14.581546
21.551617;14.564219
21.527605;14.551446
21.533899;14.476637
21.536871;14.404950
21.544630;14.321459
21.489960;14.345578
21.456190;14.333738
21.420940;14.324973
21.382729;14.323019
21.347095;14.316095
21.313242;14.306043
21.275059;14.305452
21.234119;14.311745
20.000000;17.000000
21.245358;14.113164
21.256880;13.990952
21.262730;13.875514
20.000000;17.000000
21.266140;13.646029
20.000000;17.000000
20.000000;17.000000
21.721819;11.946262
21.745312;11.675763
21.768759;11.384997
21.801022;11.091392
22.211090;9.432402
22.130077;9.385316
22.038502;9.372711
21.946417;9.366237
21.863892;9.321999
21.756727;9.378849
21.676189;9.325926
21.573315;9.373595
21.495199;9.305936
21.404768;9.295012
21.309479;9.317805
21.214167;9.341651
21.122641;9.350945
21.047415;9.243400
20.958710;9.220854
20.868484;9.216302
20.768692;9.301281
20.684994;9.237164
20.596575;9.207804
20.503256;9.257339
20.417614;9.173133
20.322609;9.286744
20.235727;9.221571
20.145161;9.236357
20.056316;9.168202
19.965658;9.213076
19.876249;9.224985
19.782625;9.101991
19.691074;9.087028
19.597834;9.062181
19.511940;9.154165
19.414867;9.067552
19.320417;9.045979
19.226637;9.030436
19.138243;9.069685
19.037746;9.002682
18.954468;9.085763
18.853237;9.027048
18.746674;8.944922
18.679016;9.108802
18.581209;9.089223
18.491419;9.111961
18.380260;9.028902
18.294426;9.078534
18.188551;9.033348
18.509991;10.778949
18.472935;10.933237
18.445045;11.111858
18.445881;11.377847
18.401667;11.512014
18.415949;11.785282
18.410053;11.974514
18.393450;12.119627
18.379152;12.260492
18.380587;12.436836
18.363758;12.552435
18.359285;12.695061
18.356091;12.831436
18.350149;12.953409
18.332438;13.041937
18.342449;13.188850
18.337603;13.294847
18.315237;13.357783
18.267855;13.365671
18.226597;13.386737
18.211645;13.479149
18.220943;13.576679
18.197216;13.643503
18.190617;13.722246
18.189039;13.806778
18.188156;13.889176
18.186649;13.966699
18.176975;14.028675
18.175940;14.102314
18.163336;14.155416
18.157784;14.217590
18.162399;14.292749
18.148764;14.338518
18.162378;14.421880
18.149942;14.466612
18.144281;14.519292
18.129244;14.558270
18.130905;14.617718
18.132654;14.675060
18.125154;14.730178
18.194725;14.864913
18.218052;14.941022
18.204622;14.972715
18.203579;15.017956
18.208778;15.068814
18.185989;15.088824
18.183632;15.129906
18.186205;15.175041
18.186178;15.216187
20.000000;17.000000
18.171082;15.360796
18.170244;15.397932
18.163183;15.429016
18.155060;15.458764
18.158796;15.504556
18.154213;15.529398
18.149117;15.560120
19.793489;16.840393
18.152548;15.603298
18.170265;15.649761
19.787992;16.844366
18.147421;15.665818
18.094938;15.655023
18.133820;15.714650
20.000000;17.000000
20.000000;17.000000
18.131031;15.871975
18.124105;15.897279
18.122723;15.925571
18.121742;15.953748
18.116764;15.979418
18.117437;16.007860
19.797266;16.895678
19.790754;16.902136
19.762346;16.902174
19.766933;16.909557
19.768148;16.914829
19.768064;16.918015
20.000000;17.000000
19.764376;16.922636
19.763203;16.923004
19.766048;16.923954
19.758053;16.922688
20.000000;17.000000
20.000000;17.000000
19.766930;16.931246
20.000000;17.000000
20.000000;17.000000
20.000000;17.000000
19.765963;16.938435
20.000000;17.000000
19.764294;16.940910
19.766184;16.941599
19.759989;16.941662
20.000000;17.000000
19.751207;16.939680
20.000000;17.000000
20.000000;17.000000
20.000000;17.000000
20.000000;17.000000
18.065237;16.662376
18.067404;16.685619
18.060921;16.707613
18.057684;16.729940
18.061649;16.753189
18.058918;16.775690
18.059450;16.798347
18.052261;16.820414
18.055309;16.843235
18.048632;16.865461
18.048212;16.887976
18.047859;16.914789
18.047144;16.933134
20.000000;17.000000
18.042122;16.978226
18.042999;17.000750
18.043139;17.023266
18.041641;17.050142
18.035196;17.068596
18.032120;17.091381
18.030308;17.114189
18.027761;17.137119
18.026478;17.160042
18.020485;17.183474
18.018747;17.206650
17.975563;17.234728
20.000000;17.000000
18.035999;17.273842
18.008627;17.301052
18.015184;17.323460
18.006231;17.348513
18.002508;17.372894
18.003008;17.396629
18.004766;17.420197
18.003876;17.444427
18.003281;17.468733
18.002979;17.493113
18.004963;17.517248
17.987885;17.546457
17.992380;17.570116
18.016329;17.588058
20.000000;17.000000
17.945660;17.660795
17.985643;17.673603
17.980301;17.701324
17.977213;17.728580
17.982990;17.753046
17.980595;17.780529
17.975857;17.809471
17.978834;17.835379
17.966505;17.867998
17.975796;17.891932
17.968893;17.923021
17.968872;17.951612
17.961943;17.983610
17.955580;18.016087
17.953529;18.040949
17.958654;18.068329
17.955231;18.100273
17.948006;18.135052
17.947289;18.166489
17.953985;18.200087
17.937902;18.235704
17.936192;18.269499
17.939095;18.300629
17.935726;18.336208
17.938868;18.368361
17.935734;18.404924
17.941507;18.436214
17.928883;18.480740
17.921192;18.522985
17.915655;18.564207
20.000000;17.000000
17.921707;18.636068
17.907967;18.686228
17.906845;18.727570
17.912344;18.763798
17.905718;18.811449
20.000000;17.000000
17.877209;18.915108
17.887720;18.959192
17.889366;19.003328
17.890310;19.040449
16.252344;20.780132
16.335743;20.782061
16.399113;20.803978
16.480463;20.804779
19.686260;17.341852
16.566406;20.799353
16.755655;20.674757
20.000000;17.000000
19.702133;17.386547
19.722296;17.374214
19.732885;17.367104
20.000000;17.000000
19.739912;17.369673
19.739990;17.377039
19.746853;17.378077
19.720743;17.430330
19.727892;17.430161
19.735384;17.431293
19.742897;17.432327
19.748032;17.430712
19.754036;17.431868
19.757082;17.440454
19.757952;17.451174
19.756073;17.462631
20.000000;17.000000
19.755938;17.476086
20.000000;17.000000
19.756319;17.491955
20.000000;17.000000
19.756113;17.504103
20.000000;17.000000
20.000000;17.000000
20.000000;17.000000
18.218876;21.085638
18.308014;21.006369
18.356117;21.022024
18.401028;21.044390
18.455545;21.043049
18.504972;21.054125
18.554058;21.064463
18.611032;21.052582
18.659315;21.063545
18.707148;21.076918
18.763458;21.060909
18.815413;21.058662
18.868374;21.049870
18.916721;21.057894
18.970387;21.042953
19.036434;20.975904
19.084259;20.977957
19.128122;20.999060
19.179031;20.985319
19.223413;21.004393
19.271708;21.003292
19.320328;20.996618
19.368141;20.995344
19.422295;21.024750
19.455833;21.131315
19.291239;22.909649
19.359596;22.914431
19.408705;22.985867
19.477577;22.999296
19.548937;22.982018
19.619507;22.959866
19.688513;22.966875
19.757017;22.974060
19.826540;22.969481
19.895050;23.014084
19.963985;23.058893
