20.000000;17.000000
20.061575;23.058687
20.143103;22.993292
20.000000;17.000000
20.271055;23.062944
20.342529;23.090376
20.389240;22.741821
20.344742;21.225962
20.391481;21.201803
20.442402;21.221884
20.487127;21.183737
20.538298;21.198633
20.585180;21.182259
20.638355;21.208866
20.686251;21.198282
20.735367;21.195034
20.768862;21.107662
20.817631;21.106392
20.871016;21.126066
20.926485;21.151884
20.975563;21.146791
21.028971;21.158590
21.082926;21.168636
21.136589;21.177130
21.186611;21.169434
21.240480;21.175636
21.289133;21.161921
21.344692;21.169527
21.401791;21.181278
21.454805;21.177956
21.510649;21.181490
20.216312;17.512196
20.218729;17.504637
20.220137;17.486513
20.220036;17.468945
20.220760;17.454191
20.220118;17.442249
20.225624;17.442835
20.232603;17.443729
20.000000;17.000000
20.240593;17.441729
20.245705;17.441196
20.253725;17.441254
20.236528;17.386345
20.000000;17.000000
20.237000;17.375456
20.000000;17.000000
20.245392;17.380777
20.000000;17.000000
20.250057;17.380127
20.000000;17.000000
20.257210;17.381371
20.000000;17.000000
20.000000;17.000000
20.000000;17.000000
21.216509;18.587484
21.239630;18.579678
21.220140;18.518539
20.307177;17.375322
21.230795;18.489218
20.000000;17.000000
21.244671;18.443480
21.240463;18.399340
21.246401;18.373867
21.245924;18.341728
21.239233;18.304110
21.256371;18.291796
21.285257;18.291433
21.312996;18.289047
21.345089;18.296209
21.378176;18.291878
21.412857;18.294174
21.452473;18.305578
21.489185;18.307919
21.523232;18.306833
21.557325;18.305283
20.000000;17.000000
21.580818;18.263958
21.580280;18.233994
21.585741;18.208910
21.583685;18.173365
21.588976;18.154320
21.593178;18.129599
21.590395;18.095175
21.592325;18.074589
21.596869;18.046083
21.600470;18.022106
21.599827;18.000660
21.605701;17.973965
21.603977;17.947643
21.604460;17.922989
21.602844;17.897474
21.613148;17.878820
21.611746;17.853962
21.608210;17.828339
21.612345;17.806942
21.615301;17.785124
21.621513;17.765207
21.612097;17.738020
21.626947;17.722109
21.618679;17.696077
21.630337;17.678789
21.624187;17.654226
21.625145;17.632801
21.634249;17.614611
21.628109;17.590836
21.631966;17.571075
21.631847;17.549870
21.625750;17.526894
21.640347;17.510675
21.637537;17.489037
21.636370;17.468082
21.638796;17.448277
21.642851;17.425266
21.640991;17.408205
21.646551;17.389530
21.636322;17.367119
21.632647;17.346451
21.645380;17.329254
21.648106;17.309961
21.640757;17.288914
21.645947;17.270342
21.657433;17.248781
21.323793;17.180182
21.320833;17.164194
21.322649;17.148861
21.331240;17.134338
21.332708;17.118887
21.338982;17.103804
21.343019;17.072950
21.341778;17.057280
21.339354;17.041618
21.343742;17.026285
21.343958;17.010695
21.343990;16.995104
20.263971;16.996077
21.344845;16.979626
21.351517;16.963840
21.346010;16.948357
20.000000;17.000000
21.397358;16.914017
21.350388;16.901171
21.356127;16.884920
21.356703;16.869133
21.356089;16.853296
20.000000;17.000000
20.000000;17.000000
20.251873;16.948919
20.243677;16.944126
20.244564;16.943527
20.000000;17.000000
20.243843;16.936405
20.241817;16.936562
20.000000;17.000000
20.000000;17.000000
20.000000;17.000000
20.246450;16.927120
20.244169;16.926470
20.000000;17.000000
20.000000;17.000000
20.245432;16.920458
20.000000;17.000000
20.244493;16.917616
20.241400;16.917831
20.000000;17.000000
20.000000;17.000000
20.000000;17.000000
20.000000;17.000000
20.000000;17.000000
21.229616;16.485281
21.202450;16.480179
20.000000;17.000000
21.399639;16.360054
21.393026;16.343433
21.394377;16.323084
21.398952;16.300695
21.396151;16.281902
21.400171;16.259342
21.402906;16.236937
21.407984;16.217119
21.410095;16.194391
21.406672;16.170563
21.410891;16.150295
21.412617;16.122456
21.416130;16.101723
21.413639;16.075691
21.416536;16.054678
21.417030;16.030403
21.422060;16.002546
21.427444;15.973859
21.424301;15.950845
21.427200;15.922948
21.431225;15.893620
21.433191;15.865298
21.430029;15.840562
21.435719;15.808082
21.439320;15.776611
21.443634;15.749393
21.439505;15.723440
21.446812;15.686664
21.794846;15.339712
21.801607;15.294252
21.804678;15.251199
21.805571;15.209256
21.797308;15.175608
21.818325;15.110932
21.814787;15.070298
21.822725;15.016239
21.828314;14.963229
21.828959;14.914338
21.834719;14.867683
21.833021;14.818984
21.834375;14.755169
21.850105;14.691998
21.845396;14.642343
21.820957;14.617121
21.787212;14.604173
21.750702;14.595896
21.709373;14.594497
21.670527;14.590444
21.627844;14.581870
21.585413;14.584885
21.554056;14.571709
21.529049;14.560604
21.532684;14.491119
21.537739;14.415932
21.539747;14.342893
21.499977;14.340888
21.462067;14.336956
21.425423;14.330759
21.388834;14.325053
21.352560;14.319965
21.318739;14.309843
21.283146;14.303756
21.240883;14.312657
20.000000;17.000000
21.245747;14.129677
21.257313;14.008480
21.265394;13.889544
20.000000;17.000000
21.256481;13.693699
20.000000;17.000000
21.286160;13.364820
21.723377;11.979559
21.758499;11.676945
21.783377;11.426359
21.804941;11.125010
22.217190;9.475879
22.146864;9.390031
22.069113;9.326052
21.979952;9.302566
21.875301;9.342278
21.776651;9.366014
21.694220;9.317597
21.590910;9.366010
21.513226;9.292135
21.424797;9.269199
21.336782;9.247407
21.241211;9.266978
21.153185;9.241231
21.044128;9.367084
20.964443;9.284040
20.873133;9.295316
20.782482;9.297645
20.692095;9.300041
20.603193;9.286549
20.516661;9.235170
20.430698;9.167833
20.338341;9.197332
20.247961;9.188934
20.156427;9.231575
20.066494;9.207284
19.977089;9.291034
19.886030;9.179831
19.793226;9.101707
19.700521;9.075657
19.609158;9.090651
19.519650;9.119626
19.425297;9.084837
19.327049;9.015308
19.234468;9.023652
19.150236;9.109626
19.050392;9.043468
18.953476;9.019324
18.872852;9.115156
18.775953;9.093185
18.680367;9.084244
18.582005;9.058603
18.488852;9.069694
18.371344;8.961326
18.279671;8.987604
18.188166;9.013951
18.527849;10.840482
18.479649;10.950109
20.000000;17.000000
18.439779;11.349446
18.423145;11.537023
18.406492;11.750531
18.402695;11.949572
18.397043;12.128972
18.380899;12.264122
18.377577;12.428354
18.365404;12.558223
18.358871;12.695218
18.353825;12.828031
18.344841;12.942615
18.339058;13.059765
18.340555;13.187493
18.349703;13.325588
18.314753;13.361313
18.266542;13.367404
18.225401;13.389553
18.217501;13.477303
18.211853;13.565627
18.202347;13.643022
18.187960;13.724857
18.188639;13.813906
18.188614;13.898171
18.182579;13.969135
18.174561;14.033679
18.172310;14.105786
18.160606;14.160753
18.149376;14.214766
18.151537;14.286834
18.153078;14.355013
18.152201;14.418089
18.147802;14.474374
18.143858;14.529608
18.139723;14.583004
18.136181;14.635197
18.123947;14.675653
18.120680;14.726092
18.195032;14.876451
18.212729;14.945642
18.198328;14.976968
18.197212;15.022392
18.202364;15.073416
18.181517;15.095844
18.188387;15.146214
18.180439;15.180789
18.183781;15.225778
20.000000;17.000000
18.167831;15.368937
18.167295;15.405874
18.161882;15.438249
18.153893;15.467979
18.159695;15.508210
19.797352;16.837109
18.151056;15.543043
18.143135;15.571119
19.791908;16.842461
18.150671;15.610774
18.169357;15.657746
20.000000;17.000000
18.090130;15.660116
18.133097;15.728090
20.000000;17.000000
20.000000;17.000000
18.130367;15.878898
18.120182;15.901994
18.123219;15.932773
18.123314;15.961215
18.114912;15.984951
18.107693;16.009207
19.793318;16.896833
19.795622;16.898935
19.759317;16.901655
19.767056;16.912037
19.768867;16.912899
19.767860;16.918592
19.766188;16.923529
20.000000;17.000000
20.000000;17.000000
19.752596;16.923368
19.763041;16.926826
20.000000;17.000000
19.767576;16.932598
19.760794;16.930855
20.000000;17.000000
20.000000;17.000000
20.000000;17.000000
19.766684;16.939629
20.000000;17.000000
19.762920;16.942303
20.000000;17.000000
19.765388;16.944878
19.748838;16.940989
19.757154;16.944979
20.000000;17.000000
20.000000;17.000000
20.000000;17.000000
18.055300;16.644094
18.067072;16.669376
18.067287;16.692635
18.058308;16.718443
18.058695;16.737288
18.063719;16.760805
18.057098;16.782839
18.053715;16.805292
18.050591;16.827795
18.050718;16.850574
18.048119;16.873133
18.046778;16.895782
18.044703;16.918407
18.046885;16.941185
18.045046;16.986506
18.037022;17.009033
18.040251;17.031380
18.036743;17.054033
18.034664;17.080879
18.026512;17.099607
18.030771;17.121929
18.027317;17.144943
18.025114;17.167778
18.017221;17.191448
19.795153;17.021763
18.016552;17.214380
20.000000;17.000000
18.016035;17.260550
18.044876;17.279488
17.986950;17.311441
18.003456;17.332253
17.998550;17.356779
18.000788;17.379965
18.003330;17.403336
18.004150;17.426926
18.001390;17.451622
18.006674;17.474394
18.000622;17.500208
18.002590;17.524000
17.990429;17.551977
17.994934;17.575420
18.025637;17.591276
17.901726;17.654562
17.954987;17.663641
17.985498;17.679455
17.978279;17.707680
17.977156;17.734304
17.980047;17.759445
17.973152;17.788994
17.976875;17.814693
17.974379;17.842911
17.974188;17.870695
17.976112;17.897593
17.964836;17.930994
17.972155;17.956245
17.962601;17.989561
17.955435;18.022522
17.958012;18.045332
17.957785;18.075277
17.951050;18.109371
17.946581;18.142792
17.951183;18.171303
17.951973;18.202585
17.936089;18.244335
17.937784;18.275888
17.943438;18.305620
17.935968;18.343927
17.942549;18.373890
17.932220;18.415743
17.937185;18.447479
17.931383;18.487659
17.925434;18.528759
17.914425;18.574213
17.916071;18.649910
17.908165;18.696016
17.911821;18.733583
19.622869;17.315969
17.905233;18.780157
17.919991;18.809587
17.840561;18.914633
17.875320;18.927925
17.885183;18.963810
17.894943;19.009188
17.901224;19.050243
20.000000;17.000000
16.278654;20.773804
16.359787;20.777483
16.417885;20.803823
16.493710;20.810198
16.580933;20.803022
20.000000;17.000000
20.000000;17.000000
19.704166;17.389362
19.722244;17.377907
19.734541;17.368303
20.000000;17.000000
19.738832;17.371359
19.741129;17.379034
19.746614;17.380322
19.722643;17.431559
19.727892;17.430161
19.736336;17.431877
19.741903;17.431734
19.749851;17.431772
19.755367;17.433773
19.757488;17.441818
19.757349;17.451984
19.757578;17.466806
19.754431;17.478685
20.000000;17.000000
20.000000;17.000000
19.757215;17.492399
19.755968;17.504032
20.000000;17.000000
20.000000;17.000000
20.000000;17.000000
20.000000;17.000000
18.239082;21.056261
18.311060;21.016333
18.358509;21.032719
18.409042;21.041101
18.462397;21.041380
18.512440;21.049416
18.562521;21.057915
18.618670;21.046740
18.663132;21.069014
18.709730;21.085077
18.764069;21.075727
18.816343;21.071432
18.864067;21.081890
18.914957;21.080193
18.984098;21.005167
19.043152;20.963127
19.087467;20.979721
19.132423;20.995901
19.180862;20.993862
19.226484;21.004986
19.277071;20.989021
19.323009;20.997074
19.371996;20.985830
19.427254;21.142593
20.000000;17.000000
19.311609;22.882860
20.000000;17.000000
19.441635;22.955883
19.511257;22.948957
19.578321;22.974136
19.647079;22.978592
19.716074;22.978262
19.783506;23.035118
19.854586;22.970230
19.922598;23.024504
