20.000000;17.000000
20.092100;23.041298
20.000000;17.000000
20.232615;23.047527
20.303720;23.075413
20.367496;22.756281
20.319557;21.237968
20.367571;21.221025
20.417494;21.226429
20.463310;21.192478
20.511511;21.186871
20.562569;21.199486
20.612690;21.202574
20.661467;21.198210
20.712128;21.202085
20.756899;21.171894
20.797457;21.122580
20.849661;21.136642
20.903330;21.152889
20.953684;21.151878
21.004208;21.152294
21.056988;21.158781
21.111341;21.169430
21.165277;21.176485
21.218845;21.182003
21.268150;21.170452
21.325203;21.183107
21.369171;21.155237
21.428944;21.173134
21.486635;21.182659
21.539551;21.177330
20.218462;17.508018
20.218615;17.492676
20.219091;17.481497
20.218584;17.460783
20.218889;17.440626
20.223898;17.442589
20.229427;17.443130
20.235920;17.443110
20.242496;17.440687
20.248587;17.441875
20.221926;17.376455
20.235256;17.390629
20.235876;17.379700
20.000000;17.000000
20.241598;17.377272
20.000000;17.000000
20.247068;17.379692
20.000000;17.000000
20.255035;17.380423
20.267027;17.394047
20.000000;17.000000
20.000000;17.000000
20.309523;17.417847
21.224291;18.614246
20.000000;17.000000
21.231377;18.547964
20.296160;17.368807
21.253525;18.539124
21.219418;18.462271
21.262272;18.478447
21.244160;18.417414
21.242342;18.382921
21.247471;18.356638
21.245178;18.323261
21.236858;18.284239
21.274715;18.293428
21.303127;18.291931
21.334560;18.298458
21.364582;18.291727
21.397903;18.298586
21.434225;18.301910
21.467936;18.301773
21.508511;18.307062
21.545708;18.308210
21.583902;18.309305
21.577854;18.274035
21.579962;18.245739
21.583097;18.218937
21.581142;18.188475
21.586790;18.159018
21.588667;18.137653
21.595911;18.115292
21.588085;18.082621
21.595375;18.055628
21.596830;18.035152
21.598270;18.005024
21.597425;17.983671
21.605701;17.958448
21.611525;17.936743
21.609314;17.910442
21.609257;17.885925
21.608847;17.861534
21.612524;17.839579
21.614124;17.816753
21.615412;17.794004
21.613758;17.769888
21.620766;17.750275
21.612026;17.723642
21.624899;17.706888
21.619165;17.682167
21.623266;17.661827
21.623453;17.639862
21.625160;17.618853
21.624720;17.597197
21.629654;17.577642
21.625835;17.555143
21.626465;17.534372
21.633509;17.515770
21.634644;17.495180
21.638357;17.475626
21.642839;17.452431
21.638319;17.434668
21.635496;17.413671
21.639212;17.394438
21.641764;17.374792
21.640102;17.354612
21.651911;17.337320
21.644911;17.316059
21.646469;17.296759
21.648788;17.277632
21.644533;17.253782
21.653307;17.235533
21.330063;17.170914
21.328962;17.155252
21.337635;17.140556
21.334187;17.124693
21.337524;17.109499
21.344509;17.063337
21.342155;17.047630
21.343615;17.032211
21.342896;17.016739
21.341999;17.001158
20.263985;16.997190
21.343924;16.985697
21.343668;16.970108
20.265873;16.991789
21.350231;16.954416
20.000000;17.000000
21.319647;16.940243
21.364805;16.906559
21.354668;16.891582
21.354315;16.875782
20.000000;17.000000
21.353792;16.860107
20.000000;17.000000
20.000000;17.000000
20.247499;16.947529
20.243853;16.940531
20.242565;16.939487
20.242525;16.939325
20.000000;17.000000
20.257362;16.928911
20.000000;17.000000
20.000000;17.000000
20.244366;16.927124
20.000000;17.000000
20.000000;17.000000
20.000000;17.000000
20.241976;16.919546
20.242870;16.919069
20.247143;16.916088
20.000000;17.000000
20.243439;16.914551
20.000000;17.000000
20.253109;16.908915
20.000000;17.000000
20.000000;17.000000
20.000000;17.000000
20.000000;17.000000
21.214996;16.481516
20.000000;17.000000
21.394220;16.350697
21.397413;16.329374
21.394087;16.311127
21.396698;16.289560
21.394634;16.270294
21.398405;16.247532
21.401031;16.225201
21.407598;16.200108
21.406940;16.178926
21.405121;16.158169
21.409742;16.133020
21.412628;16.113035
21.415781;16.088179
21.416790;16.064100
21.419178;16.038891
21.416241;16.016924
21.421135;15.989103
21.425474;15.960904
21.426245;15.935000
21.422636;15.911980
21.431282;15.879037
21.429882;15.853124
21.435915;15.820884
21.433737;15.794790
21.440125;15.760628
21.441317;15.736080
20.000000;17.000000
21.434252;15.707066
21.801167;15.314211
21.805487;15.270775
21.806015;15.229646
21.803179;15.191281
21.813652;15.138424
21.814871;15.093781
21.817837;15.045765
21.821465;14.996121
21.831493;14.937916
21.831900;14.889036
21.826040;14.845806
21.835344;14.793553
21.846197;14.727393
21.857224;14.659302
21.834459;14.632557
21.808079;14.609840
21.763826;14.611721
21.728046;14.602943
21.684696;14.594222
21.651033;14.583098
21.619585;14.581143
21.573505;14.578301
21.534838;14.577254
21.535730;14.524702
21.535091;14.460987
21.535723;14.392658
21.518307;14.352464
21.482386;14.344776
21.451263;14.328776
21.412703;14.326267
21.374994;14.323534
21.341879;14.312366
21.306248;14.305978
21.271334;14.299272
21.243088;14.278457
20.000000;17.000000
21.247311;14.093321
21.253698;13.983126
21.263378;13.857446
20.000000;17.000000
21.263191;13.635303
20.000000;17.000000
20.000000;17.000000
21.767822;11.783404
21.775211;11.595062
21.778681;11.323127
21.794579;11.077937
22.187597;9.467221
22.122217;9.365475
22.027607;9.363600
21.935446;9.357258
21.853449;9.307127
21.751154;9.342684
21.662943;9.323045
21.576180;9.292514
21.475891;9.330721
21.391470;9.292599
21.304792;9.260212
21.212255;9.267447
21.119175;9.276668
21.028713;9.270152
20.938391;9.269749
20.848108;9.264353
20.761042;9.227168
20.673031;9.201990
20.580812;9.217644
20.490549;9.222455
20.400858;9.206302
20.308432;9.252136
20.220520;9.205118
20.128963;9.270076
20.039543;9.218101
19.949833;9.190161
19.859346;9.197268
19.768082;9.148424
19.676317;9.134658
19.585220;9.126919
19.494686;9.144235
19.395489;9.033904
19.303120;9.041452
19.205685;8.990290
19.122631;9.088501
19.027412;9.064378
18.938618;9.099980
18.851994;9.141410
18.749653;9.079079
18.671741;9.175945
18.555191;9.045143
18.464149;9.068329
18.349638;8.972900
18.281309;9.105930
18.150515;8.951773
18.502140;10.811696
18.476879;11.009603
20.000000;17.000000
18.426796;11.409123
18.419081;11.575685
18.405298;11.796896
18.399052;11.983256
18.396873;12.169049
18.381683;12.306145
18.381678;12.475725
18.368940;12.601690
18.363256;12.737439
18.354168;12.858009
18.343859;12.967869
18.336260;13.079407
18.335800;13.200481
18.343662;13.333793
18.302933;13.356880
18.251181;13.355909
18.220547;13.399750
18.223223;13.506918
18.202038;13.582051
18.192482;13.658551
18.181370;13.728513
18.185699;13.823638
18.194811;13.922352
18.183477;13.983763
18.172029;14.042289
18.166227;14.108452
18.154892;14.163271
18.160109;14.241259
18.159275;14.308187
18.153683;14.365575
18.154165;14.430216
18.145468;14.479812
18.140436;14.533435
18.131128;14.579529
18.132948;14.639022
18.124159;14.683196
18.123795;14.736496
18.197170;14.885137
18.217007;14.956503
18.198751;14.983290
18.203331;15.034409
18.202013;15.077848
18.180529;15.099557
18.190975;15.153474
18.181715;15.186588
18.183172;15.229264
20.000000;17.000000
18.166113;15.370870
18.166370;15.408463
18.160999;15.440835
18.159355;15.475491
18.159678;15.511410
19.797523;16.836895
18.153658;15.541359
19.793377;16.838909
18.143353;15.574118
18.150139;15.613148
18.169006;15.659917
20.000000;17.000000
18.095528;15.666353
18.133532;15.731006
20.000000;17.000000
20.000000;17.000000
18.130365;15.880845
18.117613;15.902429
18.124140;15.935200
18.123394;15.963138
18.114134;15.986398
18.106142;16.010014
19.797705;16.899240
19.794662;16.900900
20.000000;17.000000
20.000000;17.000000
19.758192;16.904453
19.768764;16.916059
19.765316;16.916790
19.765408;16.922701
20.000000;17.000000
19.766262;16.923306
19.763027;16.923550
20.000000;17.000000
20.000000;17.000000
20.000000;17.000000
19.767242;16.933758
20.000000;17.000000
19.767323;16.937216
20.000000;17.000000
19.763933;16.938288
19.765640;16.939671
20.000000;17.000000
20.000000;17.000000
19.748234;16.939215
20.000000;17.000000
20.000000;17.000000
19.756315;16.948826
20.000000;17.000000
18.057232;16.644642
18.067041;16.669561
18.068306;16.692606
18.060911;16.714453
18.057730;16.736967
18.062771;16.760311
18.057140;16.782467
18.054747;16.805019
18.051620;16.827511
18.050762;16.850014
18.048155;16.872570
18.046808;16.895222
18.042734;16.917572
18.044909;16.940374
18.045055;16.985380
18.039017;17.007896
18.042236;17.030409
18.035719;17.053120
18.032463;17.075869
18.028471;17.098749
18.030737;17.121363
18.030268;17.144157
18.019104;17.167906
18.018198;17.191162
19.795143;17.021666
18.017546;17.214272
20.000000;17.000000
18.003172;17.262434
18.045919;17.279720
17.981079;17.312746
18.003553;17.332827
17.999638;17.357180
17.999950;17.380919
18.002504;17.404299
18.003378;17.428091
18.000675;17.452991
18.006020;17.475964
18.003868;17.500818
17.994287;17.527822
17.990852;17.553518
18.002159;17.575212
18.026148;17.592979
17.897583;17.658066
17.955688;17.665798
17.986216;17.681578
17.980106;17.709867
17.982769;17.735113
17.982079;17.761997
17.974213;17.791714
17.977970;17.817410
17.975513;17.845629
17.973438;17.874012
17.974577;17.901527
17.970541;17.931444
17.972445;17.959200
17.952654;17.991968
17.952667;18.021454
17.958326;18.048138
17.959127;18.077822
17.951448;18.112206
17.946152;18.146128
17.951664;18.174156
17.943880;18.210522
17.935690;18.247545
17.939981;18.277536
17.932161;18.315842
17.936548;18.346649
17.943169;18.376614
17.931931;18.418856
17.936258;18.451380
17.919018;18.499580
17.925291;18.531937
17.915138;18.576817
17.905119;18.661852
17.904196;18.702234
17.911781;18.736664
19.623047;17.319283
17.903896;18.784758
17.936630;18.798243
17.841465;18.917158
17.882908;18.933289
17.882862;18.970125
17.887756;19.011795
20.000000;17.000000
16.290714;20.770241
16.367964;20.778412
16.424362;20.807171
19.685694;17.337242
16.491079;20.824078
16.581734;20.813148
20.000000;17.000000
20.000000;17.000000
20.000000;17.000000
19.724991;17.373718
20.000000;17.000000
19.736572;17.368532
19.738899;17.372627
19.734203;17.385195
19.745667;17.379690
19.723642;17.429823
19.731150;17.431026
19.736774;17.430973
19.744787;17.431124
19.751802;17.430590
19.756815;17.433439
19.756567;17.443596
19.756491;17.453793
20.000000;17.000000
19.758238;17.468273
19.754669;17.481054
20.000000;17.000000
19.755383;17.493725
20.000000;17.000000
19.753757;17.511848
20.000000;17.000000
20.000000;17.000000
20.000000;17.000000
18.260258;21.038181
18.312607;21.044086
18.374607;21.026297
18.422491;21.041004
18.476177;21.041254
18.522772;21.058517
18.581541;21.042355
18.632944;21.044195
18.679331;21.061684
18.726744;21.074699
18.784723;21.053755
18.831831;21.067579
18.884003;21.061464
18.932207;21.070269
19.003366;20.985271
19.056372;20.968351
19.099888;20.988699
19.144758;21.005718
19.194653;20.996666
19.238462;21.019495
19.289127;21.003376
19.337576;20.999514
19.381048;21.023672
19.415489;21.014673
19.444468;21.153009
20.000000;17.000000
19.329060;22.961363
19.416328;22.920298
19.468163;22.968351
19.537865;22.961113
19.606852;22.969067
19.675743;22.980215
19.745564;22.973583
19.813589;22.999105
19.882999;23.010862
19.952446;23.048813
