20.917210;21.159063
20.968849;21.164793
21.017811;21.156189
21.074177;21.176062
21.120726;21.156561
21.177830;21.175041
21.233412;21.187113
21.283958;21.179214
21.333267;21.166897
21.392567;21.184359
21.447876;21.187771
21.502373;21.188721
20.000000;17.000000
20.219248;17.508770
20.219521;17.487888
20.218853;17.471703
20.219803;17.454655
20.220160;17.442228
20.226187;17.441423
20.232182;17.442822
20.237278;17.442383
20.244774;17.441713
20.250393;17.442003
20.232105;17.389019
20.235630;17.390404
20.235676;17.378647
20.243820;17.381786
20.000000;17.000000
20.249580;17.379244
20.000000;17.000000
20.256201;17.379639
20.000000;17.000000
20.000000;17.000000
20.000000;17.000000
20.000000;17.000000
20.000000;17.000000
21.217863;18.595263
21.261541;18.613325
21.225790;18.530674
20.300209;17.368103
21.233809;18.504869
21.208696;18.433414
21.257776;18.457266
21.238842;18.402109
21.243622;18.375036
21.243864;18.343639
21.239294;18.308186
21.246035;18.285107
21.279877;18.289730
21.309591;18.289656
21.344641;18.293791
21.370552;18.294146
21.406054;18.297144
21.445395;18.302979
21.482176;18.305290
21.519201;18.306921
21.544214;18.297573
21.579908;18.296852
21.576900;18.264051
21.577284;18.234579
21.585028;18.211493
21.584547;18.182261
21.587646;18.156147
21.593615;18.132437
21.599115;18.103666
21.591072;18.071081
21.595221;18.052231
21.597803;18.022562
21.603619;18.000254
21.604860;17.975351
21.604879;17.950045
21.608084;17.926716
21.607388;17.901638
21.611595;17.879578
21.613741;17.856604
21.606684;17.829113
21.614407;17.809523
21.620993;17.789427
21.623713;17.767578
21.612509;17.739519
21.619152;17.719952
21.623722;17.699537
21.627113;17.678728
21.622822;17.654943
21.624720;17.633892
21.631964;17.615002
21.624949;17.590748
21.629805;17.571196
21.638216;17.552891
21.625498;17.527674
21.638191;17.510866
21.636343;17.489534
21.630377;17.467213
21.643402;17.450384
21.638842;17.428759
21.643705;17.409718
21.641537;17.389008
21.644762;17.366032
21.644951;17.346262
21.650093;17.331184
21.648880;17.311253
21.659887;17.289822
21.649321;17.268299
21.649767;17.252645
21.681278;17.237709
21.321684;17.165459
21.325487;17.150469
21.331123;17.135487
21.334585;17.120344
21.337875;17.105139
21.345707;17.058998
21.339300;17.043287
21.343712;17.027830
21.342943;17.012362
21.342997;16.996910
20.000000;17.000000
21.344872;16.981432
20.264944;16.994589
21.349564;16.965704
21.348082;16.950218
21.305326;16.933867
21.400482;16.915981
21.350538;16.903242
21.356312;16.887131
21.356915;16.871346
21.355345;16.855743
20.000000;17.000000
20.243898;16.945108
20.245392;16.942667
20.242203;16.938047
20.000000;17.000000
20.243826;16.936335
20.000000;17.000000
20.247694;16.927809
20.244133;16.926352
20.243261;16.923525
20.243734;16.918495
20.244627;16.918015
20.000000;17.000000
20.000000;17.000000
20.000000;17.000000
20.000000;17.000000
20.000000;17.000000
21.234821;16.484772
20.000000;17.000000
21.203787;16.478231
20.000000;17.000000
20.000000;17.000000
21.400314;16.361530
20.000000;17.000000
21.391907;16.345755
20.000000;17.000000
21.393225;16.325293
20.000000;17.000000
21.395214;16.304401
21.395948;16.283697
20.000000;17.000000
21.398157;16.261950
21.400927;16.239578
21.403439;16.217180
20.000000;17.000000
21.411659;16.195112
21.407387;16.171778
21.411541;16.151377
21.413288;16.123539
21.409018;16.103580
21.414436;16.076912
21.412773;16.054447
21.418785;16.031199
21.421377;16.005056
21.427616;15.975811
21.422184;15.954717
21.427538;15.925056
21.429224;15.897573
21.433710;15.867568
21.434473;15.839692
21.438938;15.813542
21.440081;15.779053
21.442923;15.753154
21.440346;15.725898
21.444866;15.691962
21.798542;15.340767
21.807529;15.293240
21.804316;15.256576
21.802456;15.217480
21.793604;15.184597
21.813581;15.121637
21.819803;15.070902
21.823246;15.022154
21.830294;14.967698
21.834337;14.915070
21.829786;14.871354
21.827475;14.823466
21.842764;14.763345
21.840467;14.702215
21.831001;14.613476
21.793833;14.605374
21.753178;14.602654
21.715374;14.596315
21.677893;14.590690
21.632940;14.585309
21.592937;14.585047
21.562037;14.582786
21.529860;14.571744
21.527470;14.499653
21.534441;14.434924
20.000000;17.000000
21.531008;14.372512
21.506346;14.344490
21.468445;14.340467
21.431343;14.335065
21.396885;14.325865
21.361954;14.317996
21.326324;14.311345
21.290552;14.306185
21.248936;14.314184
21.247293;14.234242
21.244635;14.153189
21.251194;14.046057
21.263878;13.917008
21.282078;13.535623
21.286860;13.395846
21.747959;11.955245
21.747093;11.763774
21.761992;11.507713
21.799562;11.203938
22.255817;9.427874
22.177427;9.368558
22.081852;9.371989
21.988937;9.364803
21.910603;9.303605
21.805347;9.349114
20.000000;17.000000
21.723541;9.300551
20.000000;17.000000
21.629345;9.303577
21.537169;9.302993
21.440582;9.324010
21.350100;9.319763
21.269161;9.254290
21.171560;9.290509
21.080566;9.293386
20.988163;9.304182
20.912083;9.186051
20.814171;9.244619
20.721827;9.268623
20.636160;9.210936
20.545740;9.215105
20.452768;9.254222
20.363392;9.254519
20.273905;9.239832
20.183943;9.265187
20.094202;9.263574
20.005234;9.202002
19.915133;9.235464
19.822905;9.140995
19.729948;9.068596
19.640879;9.136196
19.545406;9.052992
19.452906;9.053811
19.360762;9.060693
19.267603;9.056693
19.178642;9.088522
19.080837;9.045933
18.984838;9.027370
18.894011;9.045520
18.807180;9.094482
18.706877;9.055553
18.617903;9.088820
18.513773;9.034466
18.429651;9.093438
18.308966;8.974216
18.235661;9.079121
18.497581;10.922966
18.462862;11.078249
18.441071;11.315902
18.415207;11.473750
18.411943;11.693533
18.413923;11.915648
18.393038;12.051375
18.387878;12.224787
18.379683;12.376714
18.368526;12.512360
18.362410;12.653240
18.356831;12.786032
18.342848;12.891625
18.342247;13.023731
18.334198;13.131402
18.333246;13.248606
20.000000;17.000000
18.299423;13.289103
18.280758;13.359550
18.227266;13.356359
18.204018;13.433700
18.210621;13.547112
18.194675;13.613107
18.198353;13.695190
18.184126;13.775097
18.178383;13.850912
18.187721;13.948599
18.178995;14.013371
18.176048;14.084538
18.164497;14.140396
18.155643;14.198631
18.160461;14.274739
18.154579;14.333266
18.153273;14.396451
18.147547;14.451036
18.147367;14.511998
18.130995;14.549379
18.128548;14.604323
18.126495;14.658210
18.128193;14.714731
18.117872;14.755754
18.200909;14.913545
18.200649;14.961545
18.191874;14.998878
18.200201;15.053587
18.199739;15.097838
18.186323;15.127295
18.183023;15.166926
18.184671;15.210591
18.166365;15.233676
18.166431;15.352503
18.168486;15.392355
18.159979;15.421995
18.153296;15.453078
18.154825;15.490435
18.157892;15.527994
19.794720;16.838814
18.151190;15.557459
19.791985;16.839069
18.149033;15.589733
18.162693;15.639816
18.160946;15.671001
18.100397;15.654232
18.124018;15.709490
18.119259;15.737844
18.117586;15.859423
18.123533;15.892339
18.116879;15.917669
18.119287;15.947886
18.116091;15.974375
18.113157;16.000977
19.797903;16.901098
19.792252;16.901304
19.766916;16.909601
19.768263;16.914518
19.766642;16.916048
19.767876;16.918549
19.766006;16.920904
20.000000;17.000000
19.767008;16.924242
19.763445;16.925533
19.767538;16.929216
19.761602;16.939312
19.765429;16.940502
19.766308;16.941105
19.753401;16.939135
20.000000;17.000000
19.763172;16.945578
18.064806;16.659050
18.057034;16.680874
18.062359;16.704790
18.059065;16.727287
18.059999;16.750332
18.057255;16.772667
18.060270;16.800123
18.051508;16.817705
18.055506;16.840811
18.049799;16.863098
20.000000;17.000000
18.044361;16.885309
20.000000;17.000000
18.047157;16.908192
20.000000;17.000000
18.044224;16.930780
20.000000;17.000000
20.000000;17.000000
18.041149;16.975773
20.000000;17.000000
18.043001;16.998499
20.000000;17.000000
18.044113;17.021004
20.000000;17.000000
18.040485;17.043592
20.000000;17.000000
18.039124;17.066389
20.000000;17.000000
18.034023;17.089214
18.031187;17.112055
20.000000;17.000000
18.037607;17.134544
20.000000;17.000000
18.028320;17.157990
18.018335;17.181950
18.016581;17.205147
18.001190;17.230009
18.034773;17.272285
18.013313;17.298592
18.000130;17.324339
18.000053;17.348011
18.000256;17.371729
18.004704;17.394901
18.003506;17.419062
18.002602;17.443304
17.999117;17.468496
18.000755;17.492441
20.000000;17.000000
18.005634;17.515850
17.990465;17.544516
17.992052;17.568960
18.013172;17.587959
18.027712;17.608419
17.943439;17.660421
17.986334;17.672514
17.989479;17.697273
17.977943;17.727661
17.984575;17.751574
17.982235;17.779226
17.979261;17.807211
17.979519;17.834415
20.000000;17.000000
17.968096;17.866629
17.975540;17.891350
17.969540;17.922024
17.969503;17.950603
17.963554;17.982349
17.956182;18.015055
17.959192;18.043247
17.961592;18.071775
17.955900;18.099407
17.951059;18.138498
17.949673;18.164614
17.953754;18.199694
17.939381;18.234282
17.935949;18.269102
17.939692;18.299700
17.935596;18.336010
17.940271;18.366859
17.935598;18.404726
17.937132;18.438679
17.931993;18.478214
17.923321;18.520815
17.918705;18.561607
17.919979;18.637108
17.907026;18.686655
17.908222;18.726095
17.912344;18.763798
17.904963;18.812103
17.877392;18.915312
17.887175;18.960075
17.886789;18.997700
17.887108;19.044331
16.253069;20.780851
16.325703;20.794609
16.407080;20.797750
16.481922;20.806129
19.687080;17.342604
16.559822;20.809576
19.704027;17.388000
19.722708;17.375763
19.733871;17.367821
19.737953;17.369514
19.739412;17.376640
20.000000;17.000000
19.747107;17.378246
19.721073;17.430546
19.729172;17.430967
19.735756;17.431522
19.743229;17.432524
20.000000;17.000000
19.749355;17.431484
19.754408;17.432081
19.757986;17.439810
19.757391;17.450871
19.757074;17.464287
19.757490;17.476879
19.755753;17.491674
19.755096;17.504721
18.235153;21.058916
18.305645;21.022734
20.000000;17.000000
18.355444;21.034710
20.000000;17.000000
18.407106;21.040339
18.457642;21.049200
18.507435;21.058229
18.555895;21.070419
18.617764;21.044317
18.662821;21.064701
18.712173;21.073265
20.000000;17.000000
18.766962;21.061975
18.816401;21.068325
18.868382;21.063368
18.915594;21.076221
18.980516;21.017672
19.041597;20.967896
19.087690;20.978746
19.130554;21.002659
19.178652;21.004639
19.226484;21.004986
19.277275;20.990074
19.322893;21.000097
19.371206;20.995829
20.000000;17.000000
20.000000;17.000000
20.000000;17.000000
20.000000;17.000000
20.000000;17.000000
20.000000;17.000000
