20.052219;23.051775
20.121719;23.044775
20.000000;17.000000
20.262812;23.074318
20.334921;23.111830
20.391388;22.708599
20.336906;21.204523
20.385658;21.200333
20.434881;21.204569
20.482996;21.197302
20.532259;21.199404
20.578880;21.178089
20.633150;21.212687
20.682693;21.212032
20.731792;21.207840
20.763193;21.105669
20.812511;21.107407
20.869568;21.144766
20.918024;21.136351
20.967829;21.135252
21.019403;21.140352
21.073725;21.154491
21.129951;21.171677
21.178961;21.162251
21.239647;21.190487
21.287775;21.175947
21.342552;21.180721
21.395945;21.181124
21.452545;21.188269
21.507065;21.189159
20.220331;17.526777
20.220011;17.506260
20.218866;17.488184
20.217800;17.471088
20.219193;17.454950
20.218590;17.443007
20.225552;17.441750
20.231544;17.443155
20.000000;17.000000
20.238049;17.443106
20.244139;17.442064
20.251663;17.441282
20.236195;17.388891
20.000000;17.000000
20.236197;17.377142
20.243196;17.382183
20.000000;17.000000
20.000000;17.000000
20.249800;17.379099
20.000000;17.000000
20.255581;17.380054
20.000000;17.000000
20.000000;17.000000
20.000000;17.000000
21.217108;18.593323
21.253994;18.602724
21.225458;18.529657
20.299353;17.370087
21.234241;18.504515
21.204458;18.427832
21.256750;18.455511
21.239773;18.402620
21.244423;18.375658
21.244671;18.344254
21.238733;18.307343
21.246853;18.285706
21.280581;18.290440
21.308880;18.288954
21.346804;18.295872
21.370552;18.294146
21.410259;18.295528
21.448883;18.300594
21.480549;18.304110
21.519709;18.307863
21.545496;18.299154
21.578888;18.296520
21.580559;18.267481
21.577717;18.235649
21.583206;18.210581
21.585009;18.183313
21.589739;18.158369
21.592365;18.132469
21.596252;18.107803
21.587465;18.074636
21.597034;18.049477
21.595894;18.027388
21.599651;17.999056
21.602591;17.975233
21.604242;17.951122
21.609970;17.929449
21.606609;17.903025
21.611713;17.881449
21.613001;17.857996
21.605888;17.830652
21.614523;17.811520
21.620234;17.790981
21.618383;17.767147
21.618088;17.744144
21.617411;17.721405
21.622915;17.701405
21.627253;17.680986
21.625711;17.658466
21.625792;17.636646
21.629326;17.616327
21.630672;17.595484
21.623323;17.571547
21.629791;17.552834
21.625637;17.530478
21.636452;17.513079
21.633629;17.491625
21.629612;17.469870
21.641659;17.452953
21.638081;17.427719
21.642893;17.408846
21.639853;17.391766
21.645262;17.372936
21.644350;17.349100
21.649519;17.334032
21.646111;17.309750
21.660734;17.296537
21.650251;17.274950
21.646389;17.254875
21.664581;17.234371
21.320436;17.167360
21.324261;17.152388
21.330900;17.137655
21.335394;17.122482
21.336716;17.107111
20.000000;17.000000
21.345621;17.060934
21.341236;17.045280
21.343670;17.029762
21.343924;17.014303
21.341000;16.998842
21.344896;16.983236
21.345613;16.967741
20.264914;16.993267
21.351145;16.951921
21.305414;16.935617
21.406754;16.920477
21.352663;16.904915
21.356451;16.888821
21.357075;16.873037
21.354528;16.857536
20.000000;17.000000
20.000000;17.000000
20.000000;17.000000
20.245462;16.942972
20.243229;16.942213
20.244034;16.941278
20.000000;17.000000
20.000000;17.000000
20.000000;17.000000
20.241650;16.932127
20.000000;17.000000
20.256428;16.925611
20.000000;17.000000
20.243906;16.925604
20.243690;16.924902
20.000000;17.000000
20.000000;17.000000
20.243835;16.918798
20.000000;17.000000
20.244007;16.916187
20.000000;17.000000
20.000000;17.000000
20.000000;17.000000
20.000000;17.000000
20.000000;17.000000
21.207317;16.481369
20.000000;17.000000
21.401896;16.362595
21.392660;16.347357
21.393099;16.327332
21.395947;16.305874
21.395813;16.285625
21.398050;16.263891
21.396524;16.244047
21.401642;16.220119
21.410769;16.197590
21.407318;16.173634
21.415621;16.146521
21.412649;16.130112
21.409876;16.104931
21.415409;16.078403
21.416681;16.058504
21.418152;16.033821
21.420786;16.007702
21.421474;15.982692
21.423286;15.956217
21.427174;15.927899
21.422565;15.905317
21.433441;15.870456
21.428802;15.846995
21.438871;15.816607
21.433203;15.787951
21.442961;15.756259
21.441490;15.722667
21.445011;15.695105
21.798401;15.345041
21.807634;15.297724
21.805767;15.259520
21.802710;15.222007
21.815216;15.167998
21.811232;15.129103
21.819826;15.076427
21.820469;15.030478
21.823830;14.980721
21.831379;14.924458
21.831539;14.875503
21.829958;14.826861
21.841682;14.761160
21.848827;14.708936
20.000000;17.000000
21.830164;14.621659
21.799076;14.605558
21.760534;14.599364
21.715620;14.591578
21.682611;14.590323
21.643848;14.586670
21.597370;14.584379
21.561655;14.577778
21.526001;14.571678
21.532991;14.508904
21.537928;14.434681
21.535543;14.370526
21.510868;14.342459
21.471224;14.340860
21.433641;14.336301
21.401255;14.322507
21.366732;14.313693
21.328831;14.311466
21.292360;14.307051
21.250902;14.313996
21.246414;14.240429
21.249481;14.146578
21.258467;14.032848
21.263077;13.923165
21.272686;13.794400
21.266218;13.699558
21.278889;13.548305
21.292791;13.407534
21.751377;11.950079
21.737329;11.796359
21.783768;11.485312
21.796816;11.216698
22.248260;9.455882
22.182186;9.357437
22.096542;9.321060
21.990931;9.360156
21.895424;9.364749
21.806080;9.349288
21.706066;9.378619
21.621061;9.342710
21.537169;9.302993
21.434311;9.357427
21.344519;9.347212
21.263893;9.281800
21.176668;9.256895
21.076635;9.316060
20.988190;9.298136
20.896273;9.315088
20.819374;9.187852
20.720808;9.263506
20.627846;9.294537
20.538040;9.303784
20.450644;9.265117
20.358835;9.304361
20.272593;9.234783
20.181202;9.287128
20.092239;9.241549
20.002998;9.179001
19.911497;9.110497
19.818659;9.054069
19.727905;9.097683
19.636734;9.095343
19.544716;9.094098
19.453035;9.099912
19.360815;9.089783
19.262556;9.027032
19.170116;9.036122
19.080551;9.070126
18.982546;9.027663
18.882673;8.986520
18.804148;9.094940
18.709421;9.085534
18.612524;9.071487
18.517334;9.070423
18.425447;9.088156
18.310581;8.993294
18.220644;9.026118
20.000000;17.000000
20.000000;17.000000
18.458645;11.069013
18.438890;11.316500
18.421068;11.500158
18.404741;11.676900
18.413465;11.921029
18.394089;12.059446
18.386505;12.225250
18.378572;12.379223
18.366121;12.511106
18.368921;12.674296
18.358126;12.794115
18.342020;12.894115
18.343798;13.030668
18.348124;13.166780
18.336685;13.260210
18.320099;13.337928
18.279362;13.360209
18.227621;13.360635
18.211763;13.453313
18.213110;13.555959
18.198231;13.623677
18.189007;13.699162
18.185709;13.782239
18.179579;13.857152
18.189764;13.956692
18.179598;14.018862
18.171688;14.082548
18.166090;14.147693
18.151293;14.196708
18.161211;14.281474
18.154303;14.338324
18.152515;14.400668
18.151335;14.461883
18.143547;14.512350
18.128784;14.552325
18.128258;14.609628
18.130058;14.668168
18.120953;14.721977
18.147253;14.796372
18.202688;14.921256
18.201893;14.968454
18.195232;15.007977
18.205563;15.064977
18.201136;15.104781
18.183453;15.130079
18.184444;15.173970
18.183355;15.214780
20.000000;17.000000
18.167158;15.359180
18.166466;15.396176
18.158628;15.426648
18.152784;15.458367
18.158079;15.505438
18.154291;15.530906
18.146847;15.559779
19.793751;16.840057
18.152012;15.604007
18.170990;15.645415
19.788591;16.843554
18.146910;15.666529
18.095240;15.656330
18.128847;15.718355
18.104959;15.734037
20.000000;17.000000
18.129742;15.872175
18.122820;15.897491
18.123178;15.926788
18.120466;15.953981
18.117252;15.980617
18.118826;16.009514
19.796326;16.897528
19.792046;16.901743
19.761465;16.904343
19.766129;16.911661
19.768635;16.916414
19.767860;16.918592
19.766319;16.919985
20.000000;17.000000
19.762844;16.924118
19.758030;16.922756
20.000000;17.000000
19.767363;16.929796
20.000000;17.000000
19.762411;16.928898
20.000000;17.000000
20.000000;17.000000
20.000000;17.000000
20.000000;17.000000
19.765280;16.941086
19.766161;16.941689
19.759960;16.941778
19.763760;16.943083
20.000000;17.000000
19.750530;16.942547
20.000000;17.000000
20.000000;17.000000
20.000000;17.000000
20.000000;17.000000
18.064787;16.664972
18.067940;16.688559
18.061846;16.714970
18.053310;16.732376
18.063234;16.756598
18.061535;16.779194
18.059105;16.801697
18.051954;16.823774
18.052034;16.846542
18.049376;16.869268
18.047991;16.891907
18.045870;16.914515
18.045010;16.937189
18.043043;16.986866
18.040007;17.005262
18.038197;17.027838
18.038652;17.050594
18.036366;17.073267
18.036341;17.095901
18.031595;17.119038
18.030104;17.141891
18.016918;17.165794
18.017981;17.188883
19.796104;17.021248
18.015312;17.212204
20.000000;17.000000
18.012812;17.259035
18.041664;17.278221
17.986712;17.309896
18.002249;17.331076
17.997328;17.355612
18.000605;17.379005
18.003138;17.402378
18.004965;17.425951
18.001261;17.451046
18.005610;17.474243
18.001495;17.499580
18.003557;17.523746
17.990429;17.551977
18.000757;17.573956
18.022875;17.592516
17.902868;17.654867
17.954353;17.664930
17.985825;17.680420
17.976799;17.709503
17.975769;17.736345
17.979694;17.761347
17.973682;17.790354
17.978350;17.815678
17.976791;17.843500
17.972935;17.872845
17.975801;17.899357
17.964552;17.932775
17.970989;17.958462
17.951183;17.991224
17.952080;18.020277
17.957724;18.046963
17.959393;18.076181
17.951689;18.110550
17.948112;18.143486
17.951101;18.173174
17.951803;18.204271
17.935947;18.246038
17.938519;18.277075
17.943344;18.307341
17.936741;18.345114
17.933363;18.381742
17.932076;18.417299
17.937201;18.449240
17.930473;18.489819
17.925364;18.530348
17.914383;18.575817
17.904324;18.660847
17.904320;18.700800
17.911116;18.735863
19.622286;17.316830
17.903042;18.783752
17.930662;18.802048
17.840548;18.916124
17.882719;18.931601
17.883383;18.967749
17.889593;19.016617
20.000000;17.000000
20.000000;17.000000
16.286802;20.770599
16.365791;20.776321
16.420803;20.806570
16.490232;20.820585
16.572861;20.818623
20.000000;17.000000
20.000000;17.000000
20.000000;17.000000
19.721573;17.376167
20.000000;17.000000
19.735514;17.367771
19.738649;17.372452
19.739893;17.378187
19.745413;17.379519
19.723763;17.431087
19.730860;17.430845
19.735964;17.431648
19.743036;17.431246
19.751472;17.430399
19.755527;17.432714
19.759142;17.442722
19.757162;17.456419
19.756386;17.468441
20.000000;17.000000
19.754347;17.480890
20.000000;17.000000
19.756094;17.494076
20.000000;17.000000
19.753365;17.511660
20.000000;17.000000
20.000000;17.000000
20.000000;17.000000
18.253206;21.044941
18.314520;21.029713
18.371134;21.024893
18.422649;21.030329
18.471598;21.041660
18.516870;21.063816
18.574678;21.049482
18.633562;21.029625
18.674738;21.061239
18.722239;21.075386
18.778143;21.060131
18.824379;21.075842
18.879330;21.060179
18.927525;21.069036
19.000731;20.976362
19.052589;20.962309
19.093369;20.994400
19.140816;20.999760
19.190268;20.992720
19.233444;21.016504
19.285723;20.993628
19.331715;21.001579
19.378256;21.006039
19.420778;21.139675
20.000000;17.000000
19.302990;22.868755
19.356497;23.007633
19.443283;22.969095
19.499891;22.968082
19.569593;22.959478
19.637758;22.971022
19.708029;22.954847
19.788530;22.991270
19.845114;22.959988
19.912533;23.041367
20.000000;17.000000
