20.045921;23.062826
20.115980;23.047888
20.000000;17.000000
20.255816;23.060604
20.327187;23.088215
20.374695;22.730764
20.335796;21.241730
20.383488;21.225634
20.431974;21.219948
20.479879;21.205711
20.526859;21.188997
20.574337;21.177706
20.626198;21.196537
20.675951;21.195902
20.722816;21.179964
20.759409;21.109421
20.807795;21.106298
20.860893;21.123083
20.915817;21.147081
20.963469;21.136271
21.015434;21.141327
21.067249;21.145834
21.125551;21.172867
21.175529;21.168417
21.228773;21.172842
21.281101;21.172770
21.329538;21.160740
21.386461;21.172689
21.441551;21.177259
21.497267;21.182053
20.000000;17.000000
20.219088;17.506660
20.219461;17.489012
20.219349;17.471472
20.217272;17.455872
20.217655;17.443466
20.223644;17.442719
20.231039;17.442291
20.238506;17.441723
20.243078;17.442648
20.249630;17.442436
20.228502;17.386507
20.236526;17.389860
20.000000;17.000000
20.234350;17.378292
20.000000;17.000000
20.243282;17.380943
20.000000;17.000000
20.248743;17.379793
20.000000;17.000000
20.254452;17.380814
20.000000;17.000000
20.000000;17.000000
20.000000;17.000000
21.218555;18.606045
21.256741;18.617067
21.228085;18.542915
20.298075;17.371117
21.230883;18.509844
21.209204;18.442133
21.253885;18.467199
21.237055;18.407684
21.240595;18.379112
21.241735;18.348326
21.238089;18.313456
21.240744;18.286049
21.276657;18.292917
21.305199;18.291260
21.342381;18.297577
21.366846;18.296606
21.405390;18.302280
21.441805;18.299492
21.475674;18.305101
21.513414;18.307507
21.548477;18.306482
21.578962;18.301149
21.578369;18.270206
21.574913;18.237600
21.581347;18.213009
21.583305;18.185593
21.588072;18.160654
21.590031;18.134026
21.595798;18.110210
21.586227;18.076462
21.596762;18.051710
21.595650;18.029613
21.600388;18.001650
21.601654;17.976770
21.597403;17.948931
21.603975;17.927834
21.607658;17.905239
21.610159;17.882204
21.611460;17.858763
21.605331;17.831730
21.613085;17.812153
21.617907;17.791189
21.607101;17.762932
21.616753;17.744656
21.617064;17.722181
21.621662;17.701786
21.621393;17.679447
21.623606;17.658339
21.626478;17.637634
21.629089;17.616953
21.630501;17.595953
21.628817;17.574007
21.635366;17.555073
21.625534;17.530788
21.636354;17.513393
21.634539;17.492069
21.631517;17.466864
21.643576;17.449753
21.637091;17.431488
21.643927;17.412954
21.640825;17.391998
21.640226;17.367994
21.644588;17.352777
21.650530;17.334072
21.646141;17.309591
21.660454;17.292381
21.652277;17.274961
21.648438;17.254707
21.667099;17.237988
21.323460;17.167356
21.325298;17.152121
21.331947;17.137249
21.335442;17.121969
21.336767;17.106470
20.000000;17.000000
21.344650;17.060244
21.338263;17.044409
21.343687;17.028990
21.343933;17.013401
21.342999;16.997940
20.264990;16.997765
21.344885;16.982334
21.345589;16.966709
21.350109;16.950920
21.310358;16.934366
21.403517;16.916473
21.350584;16.903889
21.358349;16.887486
21.356951;16.871735
20.000000;17.000000
21.355371;16.856003
20.000000;17.000000
20.000000;17.000000
20.246014;16.945400
20.243162;16.941933
20.000000;17.000000
20.244640;16.939543
20.000000;17.000000
20.000000;17.000000
20.240654;16.932283
20.000000;17.000000
20.248011;16.928902
20.244616;16.927969
20.000000;17.000000
20.000000;17.000000
20.243437;16.924084
20.000000;17.000000
20.244823;16.918600
20.000000;17.000000
20.243568;16.918005
20.000000;17.000000
20.000000;17.000000
20.000000;17.000000
20.000000;17.000000
20.000000;17.000000
20.000000;17.000000
21.206051;16.480953
21.400620;16.362202
21.392221;16.346422
21.393547;16.325962
21.399128;16.303288
21.395401;16.284822
21.397697;16.263222
21.396969;16.242767
21.402142;16.218960
21.411253;16.196419
21.407862;16.172586
21.412886;16.151674
21.412943;16.124878
21.415646;16.104692
21.415804;16.077179
21.417805;16.056581
21.418423;16.032442
21.423492;16.004593
21.426481;15.977660
21.421780;15.955854
21.427950;15.925603
21.430439;15.897511
21.433252;15.868600
21.430140;15.843877
21.437431;15.810148
21.439669;15.780113
21.440529;15.750389
21.440590;15.726174
21.447342;15.690227
21.801641;15.338227
21.804949;15.296331
21.805201;15.256054
21.804760;15.215543
21.795183;15.183347
21.815664;15.119479
21.818430;15.072356
21.821022;15.024184
21.824745;14.973468
21.828854;14.920900
21.827625;14.873454
21.832499;14.826385
21.844877;14.759904
21.840027;14.701862
21.846148;14.649285
21.820580;14.625647
21.791346;14.607261
21.751669;14.602789
21.716194;14.593215
21.676968;14.590047
21.635420;14.590612
21.602392;14.579308
21.560879;14.582037
21.526287;14.562414
21.533352;14.499736
21.534504;14.431466
21.534777;14.361977
21.501862;14.348845
21.468592;14.335979
21.426720;14.339393
21.395554;14.324041
21.359444;14.317843
21.323637;14.312250
21.289349;14.303391
21.246616;14.313107
21.246813;14.229639
21.245377;14.144783
21.254976;14.029199
21.265381;13.905738
20.000000;17.000000
20.000000;17.000000
20.000000;17.000000
21.283056;13.394491
21.726318;12.000666
21.762077;11.700254
21.776894;11.483092
21.798769;11.184847
22.243975;9.435829
22.175940;9.343181
22.080677;9.341614
21.980152;9.362520
21.888544;9.351713
21.794439;9.352712
21.705606;9.332410
21.600286;9.390450
21.516182;9.350817
21.435764;9.288521
21.354851;9.227197
21.258982;9.246550
21.163895;9.266088
21.065584;9.314520
20.978497;9.285810
20.892830;9.241201
20.798653;9.271154
20.707479;9.278343
20.613873;9.320497
20.528894;9.264059
20.440702;9.230489
20.347031;9.303820
20.258263;9.284321
20.169724;9.236856
20.080118;9.190411
19.989548;9.213007
19.898699;9.173656
19.805094;9.060392
19.715242;9.104133
19.621141;9.055028
19.531429;9.100885
19.436146;9.054983
19.345913;9.084981
19.253771;9.081082
19.165646;9.125077
19.069731;9.089512
18.956343;8.933232
18.878836;9.053704
18.774939;8.990142
18.691647;9.058047
18.593340;9.038308
18.495167;9.019642
18.396595;9.007241
18.298300;8.995894
18.204248;9.010320
20.000000;17.000000
18.482162;10.908247
18.459164;11.108148
18.445890;11.324949
18.410666;11.493788
18.403723;11.701221
18.398863;11.898356
18.393194;12.080772
18.380604;12.230416
18.379684;12.402153
18.366621;12.531148
18.360992;12.670878
18.358685;12.812150
18.344416;12.914721
18.340790;13.038429
18.344538;13.171595
18.334063;13.266851
18.322575;13.354398
18.276112;13.365067
18.231426;13.379918
18.211910;13.444282
18.219042;13.558517
18.197029;13.629988
18.189383;13.708084
18.186745;13.791989
18.188316;13.879829
18.189919;13.963582
18.176218;14.019755
18.180061;14.102086
18.165255;14.151798
18.146669;14.194966
18.161371;14.286197
18.146557;14.331527
18.149033;14.399465
18.146687;14.459085
18.142477;14.514398
18.135277;14.563725
18.128735;14.613066
18.128092;14.668465
18.123398;14.717373
18.172333;14.838011
18.202347;14.922874
18.199123;14.966899
18.194468;15.008670
18.205502;15.066398
18.198343;15.103295
18.183611;15.131319
18.183920;15.174493
18.175707;15.208296
20.000000;17.000000
18.167902;15.359847
18.167065;15.397010
18.159239;15.427475
18.151249;15.457086
18.158079;15.505438
18.154291;15.530906
19.795479;16.837851
18.147776;15.560216
19.791338;16.839909
18.152811;15.604609
18.171249;15.645065
18.151604;15.663441
18.097002;15.657300
18.125793;15.715735
18.106865;15.734785
20.000000;17.000000
18.128353;15.870604
18.123999;15.897458
18.114910;15.921101
18.120869;15.953260
18.119402;15.980847
20.000000;17.000000
18.119301;16.008614
19.792542;16.896147
19.792072;16.901682
19.767416;16.913927
19.764109;16.917200
20.000000;17.000000
19.766520;16.922522
19.766401;16.922878
20.000000;17.000000
19.763847;16.924265
20.000000;17.000000
19.762453;16.928761
20.000000;17.000000
19.760441;16.928507
19.767101;16.930666
20.000000;17.000000
20.000000;17.000000
20.000000;17.000000
19.765451;16.940411
19.760397;16.940006
19.766199;16.941532
20.000000;17.000000
20.000000;17.000000
19.762960;16.946508
20.000000;17.000000
19.750822;16.945824
20.000000;17.000000
20.000000;17.000000
18.065269;16.662189
18.056545;16.683853
18.061937;16.707577
18.059666;16.730217
18.060635;16.753248
18.058428;16.779972
18.059429;16.798532
18.050875;16.824619
18.057287;16.843582
18.049618;16.865717
18.047203;16.888105
18.046036;16.910767
18.043140;16.933184
18.028500;16.955574
18.041117;16.978590
18.043001;17.000938
18.044140;17.023441
18.041641;17.050142
18.038195;17.068491
18.033112;17.091146
18.030296;17.113998
18.031033;17.140875
18.028427;17.159313
18.026407;17.182352
18.018669;17.205891
20.000000;17.000000
17.993353;17.231886
18.033861;17.272987
18.018314;17.298229
18.001148;17.324371
18.007935;17.346640
18.001240;17.371546
18.004627;17.394518
18.000490;17.419294
18.003450;17.442513
17.997963;17.467957
18.002460;17.491005
17.997541;17.516510
18.003616;17.539515
17.992579;17.567148
18.008829;17.587376
18.038599;17.603003
17.938046;17.659975
17.986509;17.669882
17.979227;17.698227
17.982618;17.722921
17.986382;17.747824
17.981117;17.776323
17.977251;17.804869
17.979244;17.831129
17.971453;17.861750
17.973345;17.888840
17.971859;17.917454
17.967232;17.948107
17.967459;17.976627
17.954292;18.006720
17.959375;18.039207
17.956814;18.064804
17.957518;18.100304
17.958311;18.124754
17.953932;18.164011
17.951126;18.191225
17.946077;18.225994
17.938147;18.263124
17.939392;18.295475
17.940987;18.327766
17.940680;18.362043
17.938278;18.397991
17.934927;18.435514
17.929588;18.474842
17.933105;18.508783
17.914560;18.559410
20.000000;17.000000
20.000000;17.000000
17.906618;18.681362
17.906956;18.721415
17.907009;18.762125
17.901081;18.809137
20.000000;17.000000
17.882088;18.904087
17.887827;18.951948
17.879860;18.996183
17.882998;19.040073
16.222530;20.795622
16.329893;20.773594
16.391462;20.796721
16.469770;20.801687
19.686316;17.340546
16.527182;20.827238
16.691216;20.732571
20.000000;17.000000
20.000000;17.000000
19.703024;17.387232
20.000000;17.000000
19.732296;17.367912
20.000000;17.000000
19.739336;17.370491
19.739729;17.375643
19.746578;17.376688
19.727316;17.430981
19.732958;17.430973
19.740952;17.431164
19.746494;17.430969
19.753912;17.431797
19.756512;17.438995
19.757778;17.448809
19.756327;17.459372
20.000000;17.000000
19.754751;17.475477
20.000000;17.000000
20.000000;17.000000
19.758169;17.485058
19.754858;17.503492
20.000000;17.000000
20.000000;17.000000
20.000000;17.000000
20.000000;17.000000
18.292183;21.012690
18.339983;21.028374
18.390530;21.038071
18.437092;21.056320
18.495371;21.043104
18.549759;21.038500
18.600241;21.043577
18.643059;21.070797
18.697699;21.063410
18.751888;21.054230
18.800596;21.061607
18.850668;21.063591
18.897755;21.075579
18.953354;21.056137
19.018705;20.992165
19.068565;20.986635
19.117521;20.983419
19.162996;20.995266
19.207272;21.013460
19.259356;20.992889
19.301748;21.021837
19.350300;21.015783
19.395504;21.029915
19.424957;21.075632
19.454454;21.219883
19.292519;22.903761
19.355358;22.964264
19.425648;22.954363
19.494188;22.960577
19.564610;22.949089
19.632833;22.957697
19.700748;22.974510
19.768848;22.994545
19.838942;22.976830
19.907097;23.018284
19.975868;23.138952
