20.000000;17.000000
20.086069;23.065390
20.000000;17.000000
20.230021;22.834467
20.297073;23.082750
20.358500;22.928169
20.311867;21.200438
20.362394;21.222477
20.409897;21.203060
20.458117;21.197073
20.504972;21.176584
20.556932;21.200237
20.603788;21.183655
20.658144;21.213913
20.706083;21.203104
20.757450;21.209394
20.788872;21.112013
20.845709;21.147657
20.896959;21.154270
20.942865;21.133837
20.994801;21.141190
21.048985;21.155649
21.098913;21.149969
21.158470;21.178379
21.206863;21.164658
21.259726;21.165693
21.312773;21.166059
21.367868;21.171455
21.419069;21.163826
21.480619;21.184793
21.535553;21.186258
20.218912;17.511091
20.217670;17.495279
20.221355;17.482662
20.219246;17.463789
20.216393;17.441858
20.222855;17.441996
20.228373;17.442549
20.000000;17.000000
20.234898;17.442520
20.242876;17.440477
20.247505;17.441336
20.236147;17.391260
20.238468;17.388676
20.000000;17.000000
20.236824;17.374384
20.000000;17.000000
20.246624;17.376400
20.000000;17.000000
20.254879;17.379324
20.266619;17.390697
20.000000;17.000000
20.305792;17.411900
21.222139;18.614622
20.000000;17.000000
20.320499;17.413290
21.234552;18.547993
20.292822;17.363792
21.257874;18.547188
21.230862;18.472258
21.263449;18.482700
21.244255;18.419991
21.243151;18.386225
21.245623;18.356977
21.250324;18.330776
21.235750;18.285305
21.273724;18.294405
21.300007;18.290815
21.326378;18.286789
21.360687;18.290022
21.393248;18.296253
21.428171;18.298164
21.465565;18.301430
21.506878;18.307419
21.541779;18.306662
21.595348;18.320570
21.577776;18.275723
21.579910;18.247417
21.583187;18.220459
21.585253;18.192991
21.583561;18.163425
21.589636;18.139732
21.594557;18.115484
21.593245;18.087481
21.592434;18.060059
21.597075;18.036615
21.596848;18.005411
21.598175;17.980543
21.605242;17.959219
21.611938;17.938017
21.608879;17.911215
21.610582;17.887663
21.607634;17.861677
21.605993;17.836962
21.614702;17.817823
21.614286;17.794027
21.613462;17.770506
21.621458;17.751162
21.611818;17.724106
21.624762;17.707199
21.619034;17.682478
21.626842;17.663651
21.624260;17.640541
21.624105;17.618807
21.622786;17.596663
21.624886;17.576126
21.624889;17.554821
21.625515;17.534061
21.633509;17.515770
21.633688;17.494890
21.638357;17.475626
21.642839;17.452431
21.635460;17.433743
21.643291;17.415476
21.640259;17.394358
21.647499;17.372116
21.644114;17.354984
21.653021;17.336887
21.638157;17.314110
21.659048;17.294594
21.649908;17.277006
21.644680;17.252836
21.659361;17.235584
21.326195;17.169641
21.328074;17.154245
21.337717;17.139788
21.335264;17.123890
21.338606;17.108553
21.345562;17.062223
21.343195;17.046507
21.343641;17.031052
21.342911;17.015451
21.343000;16.999870
21.344910;16.984398
21.344639;16.968798
20.264921;16.993523
20.265902;16.992733
21.350182;16.952991
21.311586;16.939095
21.402645;16.918686
21.358711;16.905405
21.354532;16.889893
21.355167;16.874132
20.000000;17.000000
21.352621;16.858524
20.000000;17.000000
20.000000;17.000000
20.246561;16.947926
20.244318;16.942472
20.243130;16.941793
20.000000;17.000000
20.000000;17.000000
20.242968;16.937006
20.000000;17.000000
20.000000;17.000000
20.256456;16.925709
20.000000;17.000000
20.244574;16.927828
20.000000;17.000000
20.244675;16.924702
20.000000;17.000000
20.244909;16.922102
20.000000;17.000000
20.244940;16.918953
20.000000;17.000000
20.000000;17.000000
20.000000;17.000000
20.000000;17.000000
20.000000;17.000000
20.000000;17.000000
21.209305;16.480927
21.401169;16.363411
21.392784;16.347624
21.394129;16.327164
21.395185;16.306585
21.395950;16.285894
21.398191;16.264160
21.395718;16.244658
21.400917;16.220873
21.409977;16.198219
21.406614;16.174410
21.413374;16.152487
21.412815;16.130383
21.415314;16.106041
21.416685;16.082207
21.416771;16.058640
21.418245;16.033958
21.420881;16.007837
21.420660;15.983274
21.423386;15.956353
21.427174;15.927899
21.422565;15.905317
21.433441;15.870456
21.429581;15.846367
21.436258;15.813437
21.441111;15.786469
21.442841;15.756121
21.440620;15.723191
21.445629;15.694296
21.798979;15.344192
21.807308;15.297378
21.807758;15.257264
21.805218;15.218852
21.807653;15.174582
21.809483;15.130193
21.819960;15.075176
21.823484;15.026456
21.825260;14.977970
21.830120;14.924682
21.832233;14.873461
21.828047;14.827866
21.841459;14.759682
21.843109;14.704334
21.857344;14.641552
21.826813;14.624128
21.793726;14.610294
21.756428;14.602554
21.719193;14.595356
21.679167;14.592797
21.638754;14.591669
21.601858;14.586152
21.560261;14.576880
21.527794;14.565720
21.536554;14.499355
21.535177;14.435366
21.537052;14.363302
21.508335;14.342170
21.468700;14.340609
21.431126;14.336082
21.398737;14.322319
21.361696;14.317865
21.325624;14.312115
21.291763;14.302329
21.252798;14.303849
21.250607;14.224767
21.247545;14.143548
21.255337;14.031523
21.265512;13.907952
20.000000;17.000000
20.000000;17.000000
21.279421;13.534640
21.283749;13.394737
21.736748;11.973587
21.738285;11.773488
21.779652;11.474526
21.801723;11.175294
22.244701;9.436045
22.180586;9.326828
22.089018;9.313828
21.982872;9.358060
21.905365;9.289945
21.804644;9.319157
21.700418;9.366088
21.618254;9.319632
21.526907;9.312165
21.426983;9.356055
21.337181;9.345926
21.262699;9.247154
21.165804;9.283568
21.076210;9.270563
20.977980;9.331107
20.892862;9.286504
20.805201;9.265801
20.714874;9.262956
20.625814;9.255243
20.537861;9.220572
20.447407;9.230872
20.358732;9.210256
20.266417;9.262586
20.177910;9.237039
20.088285;9.196500
19.998508;9.224000
19.907572;9.162545
19.816620;9.130136
19.725338;9.132793
19.634012;9.118493
19.538675;9.042361
19.446394;9.048248
19.354464;9.049163
19.265511;9.092036
19.167826;9.036362
19.084454;9.116988
18.971117;8.956538
18.880308;8.980792
18.798002;9.059461
18.704035;9.062096
18.611765;9.071620
18.506308;9.011445
18.416079;9.041080
18.314503;9.011884
18.224020;9.037660
20.000000;17.000000
18.496416;10.923255
18.452173;11.041764
18.451729;11.309880
18.418814;11.488320
18.416309;11.709970
18.409563;11.903390
18.395510;12.058985
18.386097;12.217999
18.382330;12.384264
18.364517;12.499985
18.363947;12.654798
18.353603;12.776557
18.349243;12.905219
18.339546;13.015105
18.340054;13.141947
18.331079;13.240815
18.303404;13.294978
18.277964;13.350916
18.217735;13.333195
18.205044;13.433184
18.216082;13.554418
18.198767;13.599608
18.196112;13.687302
18.179789;13.763767
18.177391;13.845710
18.193266;13.954611
18.178867;14.009937
18.172676;14.076032
18.171267;14.147935
18.156706;14.196735
18.158415;14.268884
18.152702;14.327270
18.150974;14.389501
18.147839;14.448353
18.144262;14.504335
18.134222;14.550691
18.137537;14.612530
18.134310;14.664765
18.127193;14.710380
18.113359;14.756933
18.197742;14.907033
18.205521;14.963917
18.194748;14.998978
18.206442;15.057350
18.200693;15.095558
18.186369;15.124467
18.185310;15.166070
18.187639;15.210431
18.167891;15.232095
18.170240;15.352753
18.168835;15.388927
18.163313;15.421183
18.156757;15.452064
18.163038;15.493033
18.157404;15.530208
19.795645;16.839254
18.150873;15.559492
18.155910;15.597208
19.789814;16.843584
18.161572;15.634615
20.000000;17.000000
18.163923;15.668592
18.114315;15.691866
20.000000;17.000000
18.126537;15.737773
20.000000;17.000000
18.114870;15.852335
18.125874;15.888383
18.126198;15.917521
18.120840;15.943071
18.115824;15.968602
20.000000;17.000000
18.111240;15.993926
19.795551;16.896843
20.000000;17.000000
19.765377;16.905336
19.767235;16.914417
19.769064;16.915241
19.768467;16.916882
20.000000;17.000000
19.765886;16.921263
20.000000;17.000000
20.000000;17.000000
19.763344;16.925852
20.000000;17.000000
19.769445;16.929821
20.000000;17.000000
20.000000;17.000000
20.000000;17.000000
19.762764;16.938808
19.765526;16.940119
20.000000;17.000000
19.764847;16.942842
20.000000;17.000000
19.754631;16.942574
20.000000;17.000000
19.763968;16.946592
20.000000;17.000000
20.000000;17.000000
18.069897;16.653265
18.059134;16.674334
18.061415;16.697796
18.061008;16.720732
18.060898;16.743452
18.058052;16.765963
18.056461;16.788614
18.052168;16.810795
18.052097;16.833574
18.050995;16.860365
18.050768;16.878746
18.047495;16.901264
20.000000;17.000000
18.044489;16.923656
20.000000;17.000000
18.040018;16.991545
18.044050;17.014065
18.040342;17.036640
18.040894;17.059183
18.036709;17.081926
18.026796;17.105093
18.021425;17.132414
18.031731;17.150312
18.019644;17.174173
18.021780;17.196945
20.000000;17.000000
18.006287;17.221680
18.006960;17.268158
18.028976;17.288319
17.990938;17.317533
18.011484;17.337778
18.001728;17.363136
17.999165;17.387432
18.003756;17.410425
17.999815;17.435278
17.998133;17.459827
18.001612;17.483297
18.006334;17.506502
17.995867;17.533781
17.999250;17.557608
18.008677;17.579750
18.033659;17.597101
17.921478;17.657377
17.973824;17.666559
17.981627;17.689825
17.982157;17.715673
17.982077;17.741947
17.983269;17.767960
17.976421;17.797342
17.979324;17.823404
17.977871;17.851254
17.971291;17.881636
17.965231;17.912476
17.969509;17.938761
17.975027;17.964640
17.955830;18.003042
17.955900;18.032354
17.958151;18.060875
17.959129;18.090616
17.946394;18.127985
17.949236;18.151636
17.947893;18.183647
17.945299;18.216860
17.937338;18.254122
17.936630;18.287296
17.941595;18.317616
17.938499;18.353281
17.932634;18.391426
17.934923;18.424971
17.938391;18.457872
17.922907;18.504963
17.914812;18.548031
17.916840;18.584023
17.903173;18.672256
17.905510;18.710184
17.910746;18.746353
19.613295;17.326336
17.904552;18.793228
17.973465;18.775047
17.867140;18.903887
17.879587;18.937067
17.883749;18.978407
17.887335;19.021488
16.214752;20.776548
16.309532;20.767694
16.369026;20.793287
16.449476;20.796444
19.687830;17.336498
16.517000;20.811205
16.594080;20.814800
20.000000;17.000000
16.799782;20.844296
19.701653;17.386177
19.729811;17.368574
20.000000;17.000000
19.736431;17.368431
19.738398;17.374718
19.736284;17.385412
19.747126;17.380661
19.725252;17.430853
19.731810;17.431438
19.738388;17.431953
19.743946;17.431787
19.751472;17.430399
19.758354;17.434299
19.758101;17.444433
19.755642;17.456741
20.000000;17.000000
19.755951;17.471594
20.000000;17.000000
19.755428;17.483683
19.754179;17.497591
20.000000;17.000000
19.751480;17.515190
20.000000;17.000000
20.000000;17.000000
20.000000;17.000000
20.000000;17.000000
18.321100;21.036791
18.378481;21.028936
18.424940;21.047325
18.479736;21.044729
18.529440;21.053492
18.585144;21.045736
18.633379;21.057007
18.686390;21.054512
18.728960;21.082724
18.791002;21.048326
18.835455;21.069658
18.889217;21.057711
18.943190;21.044199
19.007187;20.986225
19.058565;20.976065
19.102837;20.993464
19.148598;21.006536
19.196911;21.005281
19.243429;21.014328
19.290705;21.016857
19.340540;21.003044
19.386568;21.013390
19.410673;21.026096
19.441015;21.154564
20.000000;17.000000
20.000000;17.000000
19.396852;22.931414
19.466238;22.932035
19.530689;22.986633
19.603231;22.945776
19.668577;23.005863
19.740141;22.966343
19.807934;22.995924
19.876251;23.030731
19.946396;23.011761
