20.032515;23.055912
20.102402;23.068136
20.000000;17.000000
20.243410;23.085135
20.313915;23.091917
20.372387;22.703857
20.326057;21.237474
20.374521;21.230453
20.421970;21.213924
20.468824;21.190859
20.518356;21.196104
20.565926;21.181881
20.619820;21.214668
20.667011;21.199358
20.719889;21.215981
20.756668;21.143476
20.800467;21.114864
20.853207;21.129786
20.908777;21.156820
20.958788;21.155834
21.007877;21.148319
21.058996;21.150013
21.116489;21.174265
21.166994;21.168737
21.221333;21.177111
21.272331;21.171270
21.329016;21.183996
21.381855;21.181589
21.435066;21.180548
21.486151;21.171156
21.545181;21.182714
20.218124;17.509253
20.219398;17.493422
20.219648;17.473537
20.217220;17.457003
20.218254;17.440941
20.224195;17.442438
20.231169;17.441095
20.238125;17.441929
20.242739;17.442835
20.248842;17.441732
20.224049;17.383326
20.234655;17.390989
20.000000;17.000000
20.234510;17.377016
20.000000;17.000000
20.240421;17.380392
20.000000;17.000000
20.247797;17.380411
20.000000;17.000000
20.253574;17.381397
20.000000;17.000000
20.000000;17.000000
20.305532;17.408350
21.225513;18.614573
20.000000;17.000000
21.230724;18.545927
20.296486;17.367260
21.252220;18.536318
21.222418;18.458460
21.267256;18.476814
21.242098;18.420549
21.243408;18.383307
21.247860;18.356279
21.245558;18.322903
21.237104;18.284002
21.273684;18.291637
21.303375;18.291681
21.336950;18.294561
21.361923;18.288715
21.393633;18.294369
21.432888;18.294447
21.467312;18.300968
21.505737;18.304155
21.542015;18.304832
21.587755;18.312490
21.579531;18.275139
21.581533;18.246977
21.583889;18.219547
21.585140;18.191479
21.585842;18.163698
21.591063;18.134300
21.596731;18.115864
21.593765;18.086718
21.596006;18.056486
21.601433;18.033562
21.599674;18.006548
21.597143;17.984131
21.601500;17.961573
21.611074;17.937515
21.606180;17.909889
21.608662;17.887005
21.609066;17.863239
21.605673;17.837578
21.616985;17.819954
21.614727;17.795397
21.612043;17.771158
21.621788;17.752827
21.610281;17.725086
21.623167;17.708357
21.621998;17.685741
21.627930;17.666279
21.625320;17.643301
21.622341;17.620630
21.622864;17.599342
21.629652;17.580633
21.623037;17.557144
21.625542;17.537178
21.629757;17.517681
21.634647;17.498604
21.640276;17.479765
21.633213;17.457201
21.637398;17.438122
21.643339;17.419346
21.643101;17.395374
21.640896;17.378569
21.638304;17.358171
21.651163;17.340961
21.641235;17.319271
21.643490;17.296385
21.649158;17.281435
21.645399;17.261189
21.656233;17.243246
21.332676;17.174107
21.329639;17.158045
21.331385;17.142611
21.334940;17.127346
20.000000;17.000000
21.337313;17.112062
21.344398;17.065659
21.343071;17.049984
21.342556;17.034504
21.343866;17.018942
21.341995;17.003345
21.343945;16.987759
20.265945;16.994595
21.345711;16.972128
21.345303;16.956648
20.000000;17.000000
21.322729;16.942009
21.371914;16.907923
21.354803;16.893270
21.353485;16.877691
21.353964;16.861795
21.357239;16.845531
20.247555;16.947790
20.244986;16.945381
20.242052;16.937466
20.244595;16.935331
20.248419;16.934143
20.242563;16.935471
20.000000;17.000000
20.000000;17.000000
20.252474;16.926338
20.000000;17.000000
20.244434;16.927359
20.000000;17.000000
20.000000;17.000000
20.241453;16.921158
20.000000;17.000000
20.242777;16.918789
20.244263;16.916935
20.245914;16.915585
20.000000;17.000000
20.000000;17.000000
20.251871;16.908432
20.000000;17.000000
20.000000;17.000000
20.000000;17.000000
21.215418;16.479958
20.000000;17.000000
21.191059;16.474089
21.394182;16.352989
21.393801;16.333408
21.393217;16.313883
21.398611;16.291119
21.394726;16.272629
21.400366;16.249071
21.402143;16.227217
21.399176;16.207554
21.406391;16.181955
21.402815;16.162107
21.410986;16.135048
21.412207;16.116129
21.416162;16.090620
21.418135;16.066137
21.420557;16.040932
21.421671;16.015980
21.422491;15.991012
21.426968;15.962955
21.428577;15.936456
21.423300;15.914497
21.431208;15.882191
21.431530;15.855182
21.436834;15.823584
21.434586;15.797359
21.441145;15.763351
21.445393;15.736179
21.437340;15.713495
20.000000;17.000000
21.802858;15.317485
21.804190;15.276653
21.811419;15.229449
21.801535;15.198119
21.814753;15.142291
21.819500;15.094049
21.824055;15.044725
21.827040;14.995788
21.828276;14.947097
21.841351;14.893290
21.826546;14.851481
21.836847;14.788300
21.851990;14.726950
21.856852;14.666670
21.402746;15.178543
21.803656;14.622800
21.772020;14.607831
21.729506;14.607697
21.696449;14.595148
21.657896;14.591441
21.625385;14.579013
21.583731;14.581388
21.549648;14.572452
21.532015;14.525928
21.534626;14.468888
21.534143;14.402176
21.522848;14.351611
21.491789;14.335139
21.453123;14.332065
21.416246;14.327011
21.375984;14.328542
21.345797;14.310970
21.309088;14.307358
21.273497;14.301396
21.236279;14.299534
20.000000;17.000000
21.247448;14.099910
21.251686;13.995286
21.260855;13.871522
20.000000;17.000000
21.267151;13.633587
20.000000;17.000000
20.000000;17.000000
21.772787;11.781921
21.754387;11.632437
21.782330;11.368308
21.795355;11.089667
22.202881;9.436257
22.125998;9.371717
22.036552;9.353561
21.950420;9.319789
21.861933;9.297859
21.764854;9.309916
21.668831;9.324322
21.568214;9.361315
21.489910;9.293706
21.394348;9.310395
21.318321;9.220917
21.217253;9.274306
21.121925;9.299298
21.033258;9.286901
20.946381;9.253595
20.854782;9.265087
20.764997;9.255692
20.682713;9.168702
20.583763;9.268005
20.496878;9.228868
20.408470;9.189674
20.315166;9.269422
20.226780;9.221305
20.136868;9.242208
20.047070;9.207142
19.957413;9.207116
19.867407;9.231132
19.774513;9.136232
19.682934;9.111369
19.591444;9.115579
19.495199;9.032976
19.404531;9.062304
19.305573;8.981011
19.220226;9.067233
19.117214;8.969376
19.021940;8.962289
18.944605;9.087072
18.855469;9.117661
18.763000;9.119494
18.669668;9.122542
18.573793;9.108847
18.450174;8.958995
18.360811;8.996128
18.259516;8.972515
18.160931;8.968877
18.503965;10.795824
18.470175;10.963845
20.000000;17.000000
18.444225;11.407363
18.414871;11.545666
18.403736;11.777504
18.403507;11.983935
18.403259;12.177467
18.382357;12.296394
18.378328;12.456746
18.366417;12.584496
18.355024;12.707395
18.346289;12.828860
18.343910;12.960281
18.335369;13.068923
18.339552;13.202114
18.344891;13.329947
18.306221;13.357555
18.259245;13.366461
18.219866;13.392279
18.219231;13.512320
18.208769;13.571748
18.192825;13.653819
18.179197;13.719423
18.193584;13.831803
18.196161;13.919243
18.191460;13.991797
18.176924;14.045143
18.170862;14.110250
18.162786;14.170067
18.158346;14.234021
18.160471;14.304948
18.155956;14.363982
18.155218;14.426999
18.149418;14.480630
18.144005;14.533251
18.141994;14.588827
18.134594;14.636448
18.133923;14.690732
18.128515;14.737781
18.197458;14.880952
18.216537;14.951607
18.200878;14.981392
18.208775;15.036209
18.205406;15.077415
18.186169;15.101081
18.192924;15.151567
18.182386;15.183084
18.185211;15.227176
20.000000;17.000000
18.167240;15.368096
18.169407;15.408018
18.160971;15.437778
18.153746;15.468156
18.159266;15.508740
19.796993;16.837557
18.154638;15.540121
18.145758;15.574269
19.790777;16.842297
18.151737;15.612684
18.171940;15.660988
20.000000;17.000000
18.099060;15.668283
18.142044;15.736272
20.000000;17.000000
20.000000;17.000000
20.000000;17.000000
20.000000;17.000000
18.131008;15.881718
18.118057;15.903654
18.124601;15.936413
18.124647;15.965004
18.116194;15.988901
18.109024;16.013136
20.000000;17.000000
20.000000;17.000000
19.767891;16.909851
19.756157;16.906931
19.767799;16.915785
19.768675;16.916304
19.767721;16.918993
20.000000;17.000000
20.000000;17.000000
19.762915;16.927237
20.000000;17.000000
19.767590;16.932554
20.000000;17.000000
20.000000;17.000000
20.000000;17.000000
19.765957;16.938457
20.000000;17.000000
19.765923;16.942654
19.762936;16.942234
19.757910;16.941748
20.000000;17.000000
20.000000;17.000000
19.747131;16.943979
20.000000;17.000000
20.000000;17.000000
18.063826;16.653131
18.061638;16.671505
18.064234;16.699186
18.061493;16.717386
18.059336;16.740026
18.060444;16.762856
18.056829;16.785261
18.053474;16.807718
18.051374;16.830313
18.050549;16.852818
18.051966;16.875633
18.047659;16.898083
18.043617;16.920429
18.041826;16.943100
20.000000;17.000000
18.043034;16.988556
18.043032;17.011070
18.041367;17.037937
18.038811;17.056423
18.034594;17.079184
18.027647;17.102203
18.037947;17.124508
18.029537;17.147820
18.026386;17.170910
18.018532;17.194582
18.015951;17.218102
20.000000;17.000000
18.010592;17.265144
18.042473;17.283854
17.983660;17.316305
18.004194;17.336655
18.000326;17.361015
18.000721;17.384943
18.001364;17.408720
18.002289;17.432533
18.000572;17.457048
18.005037;17.480446
18.002941;17.505327
17.996321;17.531603
17.999680;17.555422
18.006258;17.578588
18.038887;17.593666
17.908512;17.659492
17.970400;17.665745
17.981098;17.688276
17.979723;17.714792
17.982447;17.740055
17.983690;17.766251
17.976818;17.795618
17.978693;17.821856
17.972691;17.851833
17.971617;17.879875
17.964619;17.911110
17.968880;17.937399
17.972666;17.964334
17.955254;18.001867
17.952627;18.032530
17.959417;18.058973
17.959385;18.088972
17.944977;18.127481
17.948572;18.150457
17.947327;18.182663
17.946543;18.220915
17.937592;18.252613
17.939531;18.284388
17.941807;18.316090
17.938816;18.351942
17.934591;18.388960
17.934378;18.424177
17.928030;18.464006
17.920044;18.506124
17.914219;18.547232
17.917179;18.582819
17.914423;18.662304
17.904243;18.710213
17.908110;18.747875
19.616135;17.326593
17.897198;18.798475
17.970867;18.776634
17.866776;18.903479
17.882017;18.942684
17.883560;18.978203
17.886946;19.021084
16.193151;20.797371
16.298674;20.778055
16.363495;20.799067
16.437500;20.808519
19.688507;17.337126
16.510254;20.818586
16.603704;20.803286
20.000000;17.000000
16.793383;20.851980
19.699987;17.384886
19.731440;17.369762
20.000000;17.000000
19.735655;17.367874
19.738434;17.374743
19.743660;17.374708
19.746609;17.381519
19.725334;17.430906
19.731894;17.431488
19.737518;17.431425
19.744982;17.432400
19.751554;17.430447
19.758923;17.433472
19.755789;17.444307
19.757746;17.457861
20.000000;17.000000
19.756086;17.471664
19.755568;17.483753
20.000000;17.000000
19.755421;17.498203
20.000000;17.000000
19.751629;17.515263
20.000000;17.000000
20.000000;17.000000
20.000000;17.000000
20.000000;17.000000
18.324570;21.033901
18.382664;21.025229
18.429804;21.041704
18.481712;21.046539
18.532841;21.052597
18.585825;21.051270
18.636740;21.056028
18.690649;21.050636
18.736244;21.070328
18.797430;21.036678
18.844887;21.048433
18.893246;21.056738
18.944023;21.053719
19.008942;20.993874
19.066128;20.959356
19.109503;20.981634
19.152056;21.007269
19.198013;21.019777
19.247093;21.016033
19.293518;21.023445
19.345570;20.998802
19.389902;21.019968
19.422682;21.024805
19.455969;21.133350
19.291595;22.906672
19.346886;22.910021
19.409000;22.982882
19.492517;22.973482
19.547337;22.987915
19.618488;22.966816
19.699524;22.987465
19.756035;22.970016
19.837936;22.992809
19.893196;23.021053
19.962866;23.051886
