20.042965;23.055847
20.113344;23.061941
20.000000;17.000000
20.253366;23.057703
20.324902;23.078323
20.383926;22.712112
20.335520;21.253788
20.380651;21.207817
20.431166;21.220032
20.478394;21.199841
20.527428;21.200012
20.575705;21.190639
20.627565;21.208466
20.675867;21.197941
20.724178;21.187847
20.759954;21.112371
20.809153;21.111128
20.862310;21.127893
20.917294;21.151876
20.967667;21.150694
21.018612;21.150845
21.069191;21.148432
21.128195;21.176296
21.178886;21.172665
21.232872;21.177889
21.285372;21.176687
21.334349;21.163401
21.394573;21.183691
21.446938;21.178572
21.502077;21.180326
20.218967;17.527346
20.218699;17.506828
20.218725;17.488247
20.218502;17.472967
20.218058;17.455496
20.219439;17.442587
20.225468;17.441792
20.231461;17.443199
20.000000;17.000000
20.238981;17.442602
20.244097;17.442089
20.251619;17.441307
20.236195;17.388891
20.000000;17.000000
20.235929;17.378489
20.000000;17.000000
20.244881;17.381107
20.000000;17.000000
20.248198;17.380150
20.000000;17.000000
20.256456;17.379465
20.000000;17.000000
20.000000;17.000000
20.000000;17.000000
21.216049;18.590355
21.251064;18.597399
21.221958;18.523493
20.301382;17.372303
21.228125;18.495304
21.201408;18.422556
21.250740;18.452768
21.240051;18.401039
21.244806;18.373962
21.245022;18.342566
21.238483;18.304821
21.254930;18.291801
21.283228;18.290630
21.312378;18.289677
21.347324;18.293886
21.376827;18.291855
21.411625;18.294041
21.451227;18.305466
21.485054;18.305046
21.520580;18.305317
21.544815;18.295300
20.000000;17.000000
21.580698;18.264109
21.578703;18.232763
21.585741;18.208910
21.582697;18.178047
21.589897;18.149641
21.594917;18.130604
21.596411;18.104063
21.594189;18.075403
21.595695;18.049692
21.598507;18.025173
21.601812;18.001259
21.606073;17.973349
21.606062;17.948044
21.607971;17.928911
21.598824;17.894419
21.609093;17.875811
21.613842;17.854279
21.608526;17.827723
21.613548;17.806770
21.618225;17.785969
21.621807;17.764585
21.612379;17.737402
21.619911;17.718243
21.618946;17.695456
21.629675;17.677780
21.623512;17.653231
21.625387;17.632179
21.636356;17.614687
21.626455;17.589529
21.632240;17.570292
21.632111;17.549088
21.626953;17.526423
21.637726;17.508999
21.636812;17.487965
21.636593;17.467297
21.640959;17.444138
21.646994;17.429203
21.644022;17.404276
21.644829;17.388123
21.635386;17.362135
21.640453;17.343346
21.646549;17.328505
21.647978;17.305195
21.640570;17.284180
21.644178;17.268757
21.658062;17.251314
21.327913;17.179575
21.325937;17.163668
21.327745;17.148275
21.333357;17.133261
20.000000;17.000000
21.333817;17.117697
21.344101;17.071459
21.341843;17.055737
21.340401;17.040108
21.342775;17.024591
21.343969;17.009020
21.345984;16.993290
20.264967;16.995758
21.345816;16.977676
21.347464;16.962009
20.000000;17.000000
21.338940;16.946699
21.388241;16.912439
21.353228;16.898876
21.355936;16.882710
21.353489;16.867086
21.356827;16.850847
20.249062;16.950161
20.244953;16.945240
20.243574;16.943682
20.244007;16.941162
20.000000;17.000000
20.000000;17.000000
20.243826;16.936335
20.243305;16.934374
20.000000;17.000000
20.247145;16.929510
20.246141;16.929642
20.000000;17.000000
20.000000;17.000000
20.000000;17.000000
20.242878;16.922314
20.245462;16.920551
20.000000;17.000000
20.242313;16.920568
20.000000;17.000000
20.243990;16.916140
20.000000;17.000000
20.000000;17.000000
20.000000;17.000000
20.000000;17.000000
21.224165;16.485216
20.000000;17.000000
21.198900;16.479530
21.396776;16.358608
21.392921;16.340870
21.395967;16.319498
21.398771;16.298101
21.395046;16.279762
21.400728;16.256123
21.401733;16.234785
21.399815;16.214796
21.409725;16.191730
21.404537;16.168917
21.408648;16.148514
21.412117;16.119761
21.414751;16.099552
21.415934;16.075546
21.420162;16.049305
21.419756;16.025537
21.418171;16.002228
21.426065;15.971944
21.424501;15.947746
21.425858;15.921170
21.430635;15.891225
21.430992;15.864135
21.433352;15.835134
21.436651;15.804512
21.439434;15.773660
21.441057;15.743379
21.432177;15.727238
21.441172;15.683442
21.790319;15.340712
21.799244;15.293214
21.802282;15.250166
21.807571;15.204174
21.795732;15.174058
21.816694;15.109365
21.819468;15.062346
21.825260;15.010420
21.827614;14.961258
21.829535;14.910854
21.831829;14.858616
21.828875;14.811594
21.839933;14.755841
21.848778;14.690934
21.840570;14.646184
21.819208;14.617043
21.782709;14.608298
21.751902;14.591822
21.704977;14.598734
21.661446;14.590243
21.626358;14.582076
21.588711;14.589446
21.560099;14.572020
21.527285;14.561859
21.531200;14.491385
21.532907;14.422366
21.540987;14.338988
21.497011;14.344955
21.459858;14.339166
21.424440;14.331368
21.389702;14.322124
21.352047;14.319706
21.318663;14.308692
21.282028;14.305439
21.239786;14.314354
20.000000;17.000000
21.245472;14.129558
21.257799;14.006516
21.263966;13.892200
20.000000;17.000000
21.256836;13.692764
20.000000;17.000000
21.294844;13.365782
21.719807;11.989963
21.756618;11.682642
21.782082;11.432244
21.788172;11.181581
22.227526;9.443479
22.138086;9.423922
22.065895;9.343827
21.971941;9.342840
21.877504;9.342818
21.790649;9.315882
21.693842;9.329803
21.599764;9.338232
21.511742;9.315284
21.422323;9.303317
21.333794;9.282409
21.245872;9.261651
21.154253;9.264644
21.058317;9.296355
20.959270;9.367042
20.880733;9.268000
20.787144;9.303145
20.695818;9.316442
20.610447;9.270066
20.520735;9.263505
20.435425;9.191131
20.345558;9.186638
20.254147;9.206142
20.164824;9.186738
20.073483;9.258348
19.984333;9.218016
19.893215;9.156727
19.801706;9.107491
19.706713;9.016385
19.619415;9.114179
19.525150;9.072208
19.430199;9.025331
19.337729;9.032477
19.251106;9.093388
19.154461;9.055871
19.062420;9.060165
18.971149;9.077526
18.875027;9.054243
18.772009;8.996660
18.688818;9.064595
18.599991;9.098063
18.498030;9.055737
18.413071;9.108989
18.322393;9.127769
18.216681;9.083372
20.000000;17.000000
18.494261;10.969129
18.453804;11.099214
18.439997;11.362874
18.411360;11.506078
18.412739;11.740282
18.402716;11.919158
18.391459;12.083444
18.380571;12.237821
18.384136;12.421789
18.357948;12.514090
18.358208;12.669794
18.356676;12.812938
18.348099;12.929414
18.330381;13.018937
18.339127;13.164129
18.334312;13.272216
18.325848;13.366101
18.272224;13.361377
18.231796;13.384191
18.210207;13.445139
18.211061;13.564912
18.193998;13.628208
18.190048;13.712282
18.183546;13.789204
18.187420;13.880350
18.194391;13.973723
18.176928;14.022839
18.178164;14.100916
18.163893;14.151485
18.148621;14.199671
18.162834;14.290037
18.151751;14.340095
18.155827;14.410586
18.149147;14.463479
18.142000;14.514754
18.134203;14.563290
18.133213;14.619720
18.129745;14.670983
18.128260;14.723732
18.185684;14.854222
18.205420;14.926827
18.197603;14.965574
18.192261;15.006620
18.204142;15.064932
18.198343;15.103295
18.183611;15.131319
18.183214;15.173784
18.181585;15.213727
20.000000;17.000000
18.167315;15.359005
18.168724;15.398151
18.161060;15.428421
18.154615;15.459294
18.159143;15.505715
18.154713;15.530375
19.795494;16.837831
18.147263;15.559247
19.791353;16.839890
18.148331;15.593962
18.167046;15.647387
18.156038;15.665840
18.094938;15.655023
18.129826;15.711635
18.110977;15.730447
20.000000;17.000000
18.128786;15.869886
18.123667;15.896052
18.124002;15.925349
18.119623;15.951386
18.117254;15.978516
18.118008;16.006779
20.000000;17.000000
19.795206;16.895311
19.791458;16.898340
19.765862;16.909554
19.766529;16.916361
19.767473;16.919706
19.767420;16.919863
20.000000;17.000000
20.000000;17.000000
19.764242;16.926331
19.762922;16.927214
20.000000;17.000000
19.759523;16.928083
20.000000;17.000000
20.000000;17.000000
20.000000;17.000000
19.764996;16.938181
20.000000;17.000000
19.764339;16.940729
19.766233;16.941397
20.000000;17.000000
19.764597;16.943880
20.000000;17.000000
19.751083;16.944630
20.000000;17.000000
19.758244;16.949377
20.000000;17.000000
20.000000;17.000000
18.065237;16.662376
18.061451;16.684843
18.060892;16.707800
18.058624;16.730452
18.061579;16.753746
18.057859;16.776134
18.059372;16.799091
18.053188;16.821251
18.055233;16.844166
18.047571;16.866327
18.048147;16.889099
18.046993;16.911749
18.047100;16.934444
20.000000;17.000000
18.042109;16.979351
18.041000;17.002066
18.044155;17.024565
18.040567;17.047161
18.035250;17.070103
18.032190;17.092890
18.031393;17.115641
18.027880;17.138821
18.016651;17.162561
18.019667;17.185465
18.016958;17.208759
17.962877;17.238178
20.000000;17.000000
18.038242;17.275448
17.997053;17.304768
18.002697;17.327658
17.998720;17.352001
18.002903;17.375002
18.002483;17.399122
18.004272;17.422699
18.003412;17.446941
18.001919;17.471682
18.002625;17.495842
18.003674;17.520239
17.986637;17.549492
17.993092;17.572617
18.019037;17.590149
17.927589;17.643442
17.949404;17.662630
17.985666;17.676817
17.978477;17.705217
17.976452;17.732365
17.981266;17.757000
17.980862;17.783987
17.977100;17.812576
17.977428;17.839823
17.969761;17.870523
17.975424;17.896040
17.964123;17.929432
17.968416;17.950640
17.962742;17.987562
17.955547;18.020508
17.957211;18.043766
17.957949;18.073442
17.951960;18.106848
17.960449;18.138918
17.950397;18.169928
17.952778;18.200003
17.937704;18.241203
17.938629;18.273453
17.944126;18.302973
17.935066;18.342541
17.941628;18.372507
17.933748;18.412661
17.939489;18.443798
17.930386;18.486271
17.922798;18.528553
17.914967;18.571609
17.925320;18.640648
17.905636;18.696072
17.911428;18.731543
19.624222;17.314470
17.909548;18.774422
17.919704;18.807735
17.836281;18.915834
17.880684;18.929365
17.886923;18.968616
17.888107;19.004908
17.895035;19.053925
20.000000;17.000000
16.271227;20.777712
16.348953;20.785093
16.405453;20.814093
16.488861;20.812531
16.566767;20.815836
20.000000;17.000000
20.000000;17.000000
19.701982;17.390213
19.721897;17.376408
20.000000;17.000000
19.735285;17.368837
19.739544;17.371859
19.741619;17.378159
19.746296;17.378906
19.722195;17.430079
19.729752;17.431332
19.735342;17.431269
19.742416;17.430876
19.749403;17.430355
19.754906;17.432364
19.757488;17.441818
19.756920;17.452888
19.756638;17.466316
20.000000;17.000000
19.755533;17.479250
20.000000;17.000000
19.754694;17.492266
20.000000;17.000000
19.755194;17.505878
20.000000;17.000000
20.000000;17.000000
20.000000;17.000000
18.251745;21.034502
18.311821;21.023161
18.366129;21.023943
18.412895;21.041542
18.464499;21.047527
18.516367;21.051920
18.567467;21.057543
18.623003;21.049273
18.669680;21.064846
18.717224;21.079052
18.774162;21.062065
18.820255;21.079855
18.874329;21.069170
18.924795;21.068316
18.996000;20.985485
19.048826;20.969633
19.091171;20.996977
19.138861;21.001387
19.189732;20.987509
19.232288;21.016285
19.284044;20.996374
19.330288;21.005398
19.379099;20.998074
19.424675;21.052364
19.451588;21.213461
19.287424;22.903147
19.352377;22.943823
19.419146;22.973827
19.488764;22.970150
19.558792;22.965708
19.628464;22.963438
19.709284;22.987947
19.778767;22.990917
19.835207;22.966724
19.903746;23.011229
19.973186;23.079941
